rep,id,rho,kappa,psi,phi,beta,alpha,delta,theta,scaling,GROUP
1,1,-0.65352,6.65518,-26.6715,-4.3295,33.3448,-1.70462,3.40288,-0.0794646,5714.73,vvDD
2,1,-0.65352,6.65518,-26.6715,-4.3295,33.3448,-1.70462,3.40288,-0.154899,5714.73,vvDD
3,1,-0.65352,6.65518,-26.6715,-4.3295,33.3448,-1.70462,3.40288,-0.746106,5714.73,vvDD
4,1,-0.65352,6.65518,-26.6715,-4.3295,33.3448,-1.70462,3.40288,-0.743099,5714.73,vvDD
5,1,-0.65352,6.65518,-26.6715,-4.3295,33.3448,-1.70462,3.40288,-0.530341,5714.73,vvDD
6,1,-0.65352,6.65518,-26.6715,-4.3295,33.3448,-1.70462,3.40288,0.469179,5714.73,vvDD
7,1,-0.65352,6.65518,-26.6715,-4.3295,33.3448,-1.70462,3.40288,-0.440392,5714.73,vvDD
8,1,-0.65352,6.65518,-26.6715,-4.3295,33.3448,-1.70462,3.40288,-0.758155,5714.73,vvDD
9,1,-0.65352,6.65518,-26.6715,-4.3295,33.3448,-1.70462,3.40288,-0.698056,5714.73,vvDD
10,1,-0.65352,6.65518,-26.6715,-4.3295,33.3448,-1.70462,3.40288,-1.00073,5714.73,vvDD
1,2,-0.65352,6.65518,-26.6715,-4.3295,33.3448,-1.70462,3.40288,-0.639159,5714.73,vvDD
2,2,-0.65352,6.65518,-26.6715,-4.3295,33.3448,-1.70462,3.40288,-0.0782835,5714.73,vvDD
3,2,-0.65352,6.65518,-26.6715,-4.3295,33.3448,-1.70462,3.40288,-0.35703,5714.73,vvDD
4,2,-0.65352,6.65518,-26.6715,-4.3295,33.3448,-1.70462,3.40288,-0.015221,5714.73,vvDD
5,2,-0.65352,6.65518,-26.6715,-4.3295,33.3448,-1.70462,3.40288,0.338377,5714.73,vvDD
6,2,-0.65352,6.65518,-26.6715,-4.3295,33.3448,-1.70462,3.40288,-0.153387,5714.73,vvDD
7,2,-0.65352,6.65518,-26.6715,-4.3295,33.3448,-1.70462,3.40288,-0.509586,5714.73,vvDD
8,2,-0.65352,6.65518,-26.6715,-4.3295,33.3448,-1.70462,3.40288,0.289377,5714.73,vvDD
9,2,-0.65352,6.65518,-26.6715,-4.3295,33.3448,-1.70462,3.40288,0.556288,5714.73,vvDD
10,2,-0.65352,6.65518,-26.6715,-4.3295,33.3448,-1.70462,3.40288,-0.142622,5714.73,vvDD
1,3,-0.65352,6.65518,-26.6715,-4.3295,33.3448,-1.70462,3.40288,-0.247437,5714.73,vvDD
2,3,-0.65352,6.65518,-26.6715,-4.3295,33.3448,-1.70462,3.40288,-0.149065,5714.73,vvDD
3,3,-0.65352,6.65518,-26.6715,-4.3295,33.3448,-1.70462,3.40288,0.259367,5714.73,vvDD
4,3,-0.65352,6.65518,-26.6715,-4.3295,33.3448,-1.70462,3.40288,-0.203214,5714.73,vvDD
5,3,-0.65352,6.65518,-26.6715,-4.3295,33.3448,-1.70462,3.40288,-0.919689,5714.73,vvDD
6,3,-0.65352,6.65518,-26.6715,-4.3295,33.3448,-1.70462,3.40288,-0.259913,5714.73,vvDD
7,3,-0.65352,6.65518,-26.6715,-4.3295,33.3448,-1.70462,3.40288,-0.971563,5714.73,vvDD
8,3,-0.65352,6.65518,-26.6715,-4.3295,33.3448,-1.70462,3.40288,-0.547479,5714.73,vvDD
9,3,-0.65352,6.65518,-26.6715,-4.3295,33.3448,-1.70462,3.40288,0.0800296,5714.73,vvDD
10,3,-0.65352,6.65518,-26.6715,-4.3295,33.3448,-1.70462,3.40288,0.0043671,5714.73,vvDD
1,4,-0.65352,6.65518,-26.6715,-4.3295,33.3448,-1.70462,3.40288,-0.293165,5714.73,vvDD
2,4,-0.65352,6.65518,-26.6715,-4.3295,33.3448,-1.70462,3.40288,0.213505,5714.73,vvDD
3,4,-0.65352,6.65518,-26.6715,-4.3295,33.3448,-1.70462,3.40288,-0.229487,5714.73,vvDD
4,4,-0.65352,6.65518,-26.6715,-4.3295,33.3448,-1.70462,3.40288,-0.178049,5714.73,vvDD
5,4,-0.65352,6.65518,-26.6715,-4.3295,33.3448,-1.70462,3.40288,-0.473876,5714.73,vvDD
6,4,-0.65352,6.65518,-26.6715,-4.3295,33.3448,-1.70462,3.40288,-0.431018,5714.73,vvDD
7,4,-0.65352,6.65518,-26.6715,-4.3295,33.3448,-1.70462,3.40288,-0.543174,5714.73,vvDD
8,4,-0.65352,6.65518,-26.6715,-4.3295,33.3448,-1.70462,3.40288,0.0901379,5714.73,vvDD
9,4,-0.65352,6.65518,-26.6715,-4.3295,33.3448,-1.70462,3.40288,-0.280054,5714.73,vvDD
10,4,-0.65352,6.65518,-26.6715,-4.3295,33.3448,-1.70462,3.40288,-0.665531,5714.73,vvDD
1,5,-0.65352,6.65518,-26.6715,-4.3295,33.3448,-1.70462,3.40288,0.267041,5714.73,vvDD
2,5,-0.65352,6.65518,-26.6715,-4.3295,33.3448,-1.70462,3.40288,0.31335,5714.73,vvDD
3,5,-0.65352,6.65518,-26.6715,-4.3295,33.3448,-1.70462,3.40288,0.179816,5714.73,vvDD
4,5,-0.65352,6.65518,-26.6715,-4.3295,33.3448,-1.70462,3.40288,-0.0166491,5714.73,vvDD
5,5,-0.65352,6.65518,-26.6715,-4.3295,33.3448,-1.70462,3.40288,0.115164,5714.73,vvDD
6,5,-0.65352,6.65518,-26.6715,-4.3295,33.3448,-1.70462,3.40288,0.157237,5714.73,vvDD
7,5,-0.65352,6.65518,-26.6715,-4.3295,33.3448,-1.70462,3.40288,0.164553,5714.73,vvDD
8,5,-0.65352,6.65518,-26.6715,-4.3295,33.3448,-1.70462,3.40288,0.598401,5714.73,vvDD
9,5,-0.65352,6.65518,-26.6715,-4.3295,33.3448,-1.70462,3.40288,0.158021,5714.73,vvDD
10,5,-0.65352,6.65518,-26.6715,-4.3295,33.3448,-1.70462,3.40288,0.554899,5714.73,vvDD
1,6,-0.65352,6.65518,-26.6715,-4.3295,33.3448,-1.70462,3.40288,0.437768,5714.73,vvDD
2,6,-0.65352,6.65518,-26.6715,-4.3295,33.3448,-1.70462,3.40288,0.105936,5714.73,vvDD
3,6,-0.65352,6.65518,-26.6715,-4.3295,33.3448,-1.70462,3.40288,-0.11711,5714.73,vvDD
4,6,-0.65352,6.65518,-26.6715,-4.3295,33.3448,-1.70462,3.40288,0.471952,5714.73,vvDD
5,6,-0.65352,6.65518,-26.6715,-4.3295,33.3448,-1.70462,3.40288,-0.189962,5714.73,vvDD
6,6,-0.65352,6.65518,-26.6715,-4.3295,33.3448,-1.70462,3.40288,-0.069842,5714.73,vvDD
7,6,-0.65352,6.65518,-26.6715,-4.3295,33.3448,-1.70462,3.40288,-0.332732,5714.73,vvDD
8,6,-0.65352,6.65518,-26.6715,-4.3295,33.3448,-1.70462,3.40288,0.106884,5714.73,vvDD
9,6,-0.65352,6.65518,-26.6715,-4.3295,33.3448,-1.70462,3.40288,0.27116,5714.73,vvDD
10,6,-0.65352,6.65518,-26.6715,-4.3295,33.3448,-1.70462,3.40288,-0.0708298,5714.73,vvDD
1,7,-0.65352,6.65518,-26.6715,-4.3295,33.3448,-1.70462,3.40288,-0.0142005,5714.73,vvDD
2,7,-0.65352,6.65518,-26.6715,-4.3295,33.3448,-1.70462,3.40288,0.110623,5714.73,vvDD
3,7,-0.65352,6.65518,-26.6715,-4.3295,33.3448,-1.70462,3.40288,-0.444266,5714.73,vvDD
4,7,-0.65352,6.65518,-26.6715,-4.3295,33.3448,-1.70462,3.40288,-0.0868599,5714.73,vvDD
5,7,-0.65352,6.65518,-26.6715,-4.3295,33.3448,-1.70462,3.40288,-0.299963,5714.73,vvDD
6,7,-0.65352,6.65518,-26.6715,-4.3295,33.3448,-1.70462,3.40288,-0.0869763,5714.73,vvDD
7,7,-0.65352,6.65518,-26.6715,-4.3295,33.3448,-1.70462,3.40288,0.157221,5714.73,vvDD
8,7,-0.65352,6.65518,-26.6715,-4.3295,33.3448,-1.70462,3.40288,0.0732336,5714.73,vvDD
9,7,-0.65352,6.65518,-26.6715,-4.3295,33.3448,-1.70462,3.40288,0.0104594,5714.73,vvDD
10,7,-0.65352,6.65518,-26.6715,-4.3295,33.3448,-1.70462,3.40288,-0.192872,5714.73,vvDD
1,8,-0.65352,6.65518,-26.6715,-4.3295,33.3448,-1.70462,3.40288,-0.104779,5714.73,vvDD
2,8,-0.65352,6.65518,-26.6715,-4.3295,33.3448,-1.70462,3.40288,-0.162671,5714.73,vvDD
3,8,-0.65352,6.65518,-26.6715,-4.3295,33.3448,-1.70462,3.40288,-0.123312,5714.73,vvDD
4,8,-0.65352,6.65518,-26.6715,-4.3295,33.3448,-1.70462,3.40288,0.2798,5714.73,vvDD
5,8,-0.65352,6.65518,-26.6715,-4.3295,33.3448,-1.70462,3.40288,-0.128349,5714.73,vvDD
6,8,-0.65352,6.65518,-26.6715,-4.3295,33.3448,-1.70462,3.40288,0.145894,5714.73,vvDD
7,8,-0.65352,6.65518,-26.6715,-4.3295,33.3448,-1.70462,3.40288,0.317942,5714.73,vvDD
8,8,-0.65352,6.65518,-26.6715,-4.3295,33.3448,-1.70462,3.40288,-0.00667866,5714.73,vvDD
9,8,-0.65352,6.65518,-26.6715,-4.3295,33.3448,-1.70462,3.40288,0.210635,5714.73,vvDD
10,8,-0.65352,6.65518,-26.6715,-4.3295,33.3448,-1.70462,3.40288,-0.0028294,5714.73,vvDD
1,9,-0.65352,6.65518,-26.6715,-4.3295,33.3448,-1.70462,3.40288,-0.0205014,5714.73,vvDD
2,9,-0.65352,6.65518,-26.6715,-4.3295,33.3448,-1.70462,3.40288,-0.00709091,5714.73,vvDD
3,9,-0.65352,6.65518,-26.6715,-4.3295,33.3448,-1.70462,3.40288,-0.229756,5714.73,vvDD
4,9,-0.65352,6.65518,-26.6715,-4.3295,33.3448,-1.70462,3.40288,0.0804704,5714.73,vvDD
5,9,-0.65352,6.65518,-26.6715,-4.3295,33.3448,-1.70462,3.40288,-0.265,5714.73,vvDD
6,9,-0.65352,6.65518,-26.6715,-4.3295,33.3448,-1.70462,3.40288,-0.220581,5714.73,vvDD
7,9,-0.65352,6.65518,-26.6715,-4.3295,33.3448,-1.70462,3.40288,0.0131884,5714.73,vvDD
8,9,-0.65352,6.65518,-26.6715,-4.3295,33.3448,-1.70462,3.40288,-0.0741944,5714.73,vvDD
9,9,-0.65352,6.65518,-26.6715,-4.3295,33.3448,-1.70462,3.40288,-0.106243,5714.73,vvDD
10,9,-0.65352,6.65518,-26.6715,-4.3295,33.3448,-1.70462,3.40288,-0.153542,5714.73,vvDD
1,10,-0.65352,6.65518,-26.6715,-4.3295,33.3448,-1.70462,3.40288,0.0191965,5714.73,vvDD
2,10,-0.65352,6.65518,-26.6715,-4.3295,33.3448,-1.70462,3.40288,0.109028,5714.73,vvDD
3,10,-0.65352,6.65518,-26.6715,-4.3295,33.3448,-1.70462,3.40288,0.192515,5714.73,vvDD
4,10,-0.65352,6.65518,-26.6715,-4.3295,33.3448,-1.70462,3.40288,-0.140218,5714.73,vvDD
5,10,-0.65352,6.65518,-26.6715,-4.3295,33.3448,-1.70462,3.40288,0.236387,5714.73,vvDD
6,10,-0.65352,6.65518,-26.6715,-4.3295,33.3448,-1.70462,3.40288,0.497535,5714.73,vvDD
7,10,-0.65352,6.65518,-26.6715,-4.3295,33.3448,-1.70462,3.40288,0.747806,5714.73,vvDD
8,10,-0.65352,6.65518,-26.6715,-4.3295,33.3448,-1.70462,3.40288,0.19482,5714.73,vvDD
9,10,-0.65352,6.65518,-26.6715,-4.3295,33.3448,-1.70462,3.40288,0.558935,5714.73,vvDD
10,10,-0.65352,6.65518,-26.6715,-4.3295,33.3448,-1.70462,3.40288,-0.0535381,5714.73,vvDD
1,11,-0.65352,6.65518,-26.6715,-4.3295,33.3448,-1.70462,3.40288,-0.841889,5714.73,ctrl
2,11,-0.65352,6.65518,-26.6715,-4.3295,33.3448,-1.70462,3.40288,-1.37811,5714.73,ctrl
3,11,-0.65352,6.65518,-26.6715,-4.3295,33.3448,-1.70462,3.40288,-1.2883,5714.73,ctrl
4,11,-0.65352,6.65518,-26.6715,-4.3295,33.3448,-1.70462,3.40288,-0.995824,5714.73,ctrl
5,11,-0.65352,6.65518,-26.6715,-4.3295,33.3448,-1.70462,3.40288,-0.386765,5714.73,ctrl
6,11,-0.65352,6.65518,-26.6715,-4.3295,33.3448,-1.70462,3.40288,-1.30958,5714.73,ctrl
7,11,-0.65352,6.65518,-26.6715,-4.3295,33.3448,-1.70462,3.40288,-1.31974,5714.73,ctrl
8,11,-0.65352,6.65518,-26.6715,-4.3295,33.3448,-1.70462,3.40288,-0.54861,5714.73,ctrl
9,11,-0.65352,6.65518,-26.6715,-4.3295,33.3448,-1.70462,3.40288,-1.17506,5714.73,ctrl
10,11,-0.65352,6.65518,-26.6715,-4.3295,33.3448,-1.70462,3.40288,-0.924085,5714.73,ctrl
1,12,-0.65352,6.65518,-26.6715,-4.3295,33.3448,-1.70462,3.40288,-0.966125,5714.73,ctrl
2,12,-0.65352,6.65518,-26.6715,-4.3295,33.3448,-1.70462,3.40288,-1.50599,5714.73,ctrl
3,12,-0.65352,6.65518,-26.6715,-4.3295,33.3448,-1.70462,3.40288,-1.84298,5714.73,ctrl
4,12,-0.65352,6.65518,-26.6715,-4.3295,33.3448,-1.70462,3.40288,-1.3075,5714.73,ctrl
5,12,-0.65352,6.65518,-26.6715,-4.3295,33.3448,-1.70462,3.40288,-1.64346,5714.73,ctrl
6,12,-0.65352,6.65518,-26.6715,-4.3295,33.3448,-1.70462,3.40288,-1.34138,5714.73,ctrl
7,12,-0.65352,6.65518,-26.6715,-4.3295,33.3448,-1.70462,3.40288,-1.48598,5714.73,ctrl
8,12,-0.65352,6.65518,-26.6715,-4.3295,33.3448,-1.70462,3.40288,-1.57019,5714.73,ctrl
9,12,-0.65352,6.65518,-26.6715,-4.3295,33.3448,-1.70462,3.40288,-0.0419442,5714.73,ctrl
10,12,-0.65352,6.65518,-26.6715,-4.3295,33.3448,-1.70462,3.40288,-1.2624,5714.73,ctrl
1,13,-0.65352,6.65518,-26.6715,-4.3295,33.3448,-1.70462,3.40288,-0.843727,5714.73,ctrl
2,13,-0.65352,6.65518,-26.6715,-4.3295,33.3448,-1.70462,3.40288,-1.03512,5714.73,ctrl
3,13,-0.65352,6.65518,-26.6715,-4.3295,33.3448,-1.70462,3.40288,-1.06219,5714.73,ctrl
4,13,-0.65352,6.65518,-26.6715,-4.3295,33.3448,-1.70462,3.40288,-1.49579,5714.73,ctrl
5,13,-0.65352,6.65518,-26.6715,-4.3295,33.3448,-1.70462,3.40288,-0.576037,5714.73,ctrl
6,13,-0.65352,6.65518,-26.6715,-4.3295,33.3448,-1.70462,3.40288,-1.3292,5714.73,ctrl
7,13,-0.65352,6.65518,-26.6715,-4.3295,33.3448,-1.70462,3.40288,-1.12621,5714.73,ctrl
8,13,-0.65352,6.65518,-26.6715,-4.3295,33.3448,-1.70462,3.40288,-0.864646,5714.73,ctrl
9,13,-0.65352,6.65518,-26.6715,-4.3295,33.3448,-1.70462,3.40288,-1.38503,5714.73,ctrl
10,13,-0.65352,6.65518,-26.6715,-4.3295,33.3448,-1.70462,3.40288,-0.730096,5714.73,ctrl
1,14,-0.65352,6.65518,-26.6715,-4.3295,33.3448,-1.70462,3.40288,-0.226021,5714.73,ctrl
2,14,-0.65352,6.65518,-26.6715,-4.3295,33.3448,-1.70462,3.40288,-0.337052,5714.73,ctrl
3,14,-0.65352,6.65518,-26.6715,-4.3295,33.3448,-1.70462,3.40288,-0.245894,5714.73,ctrl
4,14,-0.65352,6.65518,-26.6715,-4.3295,33.3448,-1.70462,3.40288,-0.249906,5714.73,ctrl
5,14,-0.65352,6.65518,-26.6715,-4.3295,33.3448,-1.70462,3.40288,-0.424508,5714.73,ctrl
6,14,-0.65352,6.65518,-26.6715,-4.3295,33.3448,-1.70462,3.40288,-0.722536,5714.73,ctrl
7,14,-0.65352,6.65518,-26.6715,-4.3295,33.3448,-1.70462,3.40288,-0.614805,5714.73,ctrl
8,14,-0.65352,6.65518,-26.6715,-4.3295,33.3448,-1.70462,3.40288,-0.326168,5714.73,ctrl
9,14,-0.65352,6.65518,-26.6715,-4.3295,33.3448,-1.70462,3.40288,-0.498652,5714.73,ctrl
10,14,-0.65352,6.65518,-26.6715,-4.3295,33.3448,-1.70462,3.40288,-0.10686,5714.73,ctrl
1,15,-0.65352,6.65518,-26.6715,-4.3295,33.3448,-1.70462,3.40288,-0.508242,5714.73,ctrl
2,15,-0.65352,6.65518,-26.6715,-4.3295,33.3448,-1.70462,3.40288,0.0451393,5714.73,ctrl
3,15,-0.65352,6.65518,-26.6715,-4.3295,33.3448,-1.70462,3.40288,-0.210697,5714.73,ctrl
4,15,-0.65352,6.65518,-26.6715,-4.3295,33.3448,-1.70462,3.40288,-0.344844,5714.73,ctrl
5,15,-0.65352,6.65518,-26.6715,-4.3295,33.3448,-1.70462,3.40288,-0.355035,5714.73,ctrl
6,15,-0.65352,6.65518,-26.6715,-4.3295,33.3448,-1.70462,3.40288,-0.406969,5714.73,ctrl
7,15,-0.65352,6.65518,-26.6715,-4.3295,33.3448,-1.70462,3.40288,-0.339116,5714.73,ctrl
8,15,-0.65352,6.65518,-26.6715,-4.3295,33.3448,-1.70462,3.40288,-0.253272,5714.73,ctrl
9,15,-0.65352,6.65518,-26.6715,-4.3295,33.3448,-1.70462,3.40288,-0.264441,5714.73,ctrl
10,15,-0.65352,6.65518,-26.6715,-4.3295,33.3448,-1.70462,3.40288,-0.44716,5714.73,ctrl
1,16,-0.65352,6.65518,-26.6715,-4.3295,33.3448,-1.70462,3.40288,-0.0450774,5714.73,ctrl
2,16,-0.65352,6.65518,-26.6715,-4.3295,33.3448,-1.70462,3.40288,-0.637932,5714.73,ctrl
3,16,-0.65352,6.65518,-26.6715,-4.3295,33.3448,-1.70462,3.40288,-0.385557,5714.73,ctrl
4,16,-0.65352,6.65518,-26.6715,-4.3295,33.3448,-1.70462,3.40288,-0.487744,5714.73,ctrl
5,16,-0.65352,6.65518,-26.6715,-4.3295,33.3448,-1.70462,3.40288,-0.400039,5714.73,ctrl
6,16,-0.65352,6.65518,-26.6715,-4.3295,33.3448,-1.70462,3.40288,-0.126037,5714.73,ctrl
7,16,-0.65352,6.65518,-26.6715,-4.3295,33.3448,-1.70462,3.40288,-0.312803,5714.73,ctrl
8,16,-0.65352,6.65518,-26.6715,-4.3295,33.3448,-1.70462,3.40288,-0.325719,5714.73,ctrl
9,16,-0.65352,6.65518,-26.6715,-4.3295,33.3448,-1.70462,3.40288,-0.952471,5714.73,ctrl
10,16,-0.65352,6.65518,-26.6715,-4.3295,33.3448,-1.70462,3.40288,-0.48166,5714.73,ctrl
1,17,-0.65352,6.65518,-26.6715,-4.3295,33.3448,-1.70462,3.40288,0.280261,5714.73,ctrl
2,17,-0.65352,6.65518,-26.6715,-4.3295,33.3448,-1.70462,3.40288,-0.255093,5714.73,ctrl
3,17,-0.65352,6.65518,-26.6715,-4.3295,33.3448,-1.70462,3.40288,0.138175,5714.73,ctrl
4,17,-0.65352,6.65518,-26.6715,-4.3295,33.3448,-1.70462,3.40288,0.274511,5714.73,ctrl
5,17,-0.65352,6.65518,-26.6715,-4.3295,33.3448,-1.70462,3.40288,0.480985,5714.73,ctrl
6,17,-0.65352,6.65518,-26.6715,-4.3295,33.3448,-1.70462,3.40288,-0.103092,5714.73,ctrl
7,17,-0.65352,6.65518,-26.6715,-4.3295,33.3448,-1.70462,3.40288,0.33205,5714.73,ctrl
8,17,-0.65352,6.65518,-26.6715,-4.3295,33.3448,-1.70462,3.40288,0.518594,5714.73,ctrl
9,17,-0.65352,6.65518,-26.6715,-4.3295,33.3448,-1.70462,3.40288,0.434247,5714.73,ctrl
10,17,-0.65352,6.65518,-26.6715,-4.3295,33.3448,-1.70462,3.40288,-0.0200157,5714.73,ctrl
1,18,-0.65352,6.65518,-26.6715,-4.3295,33.3448,-1.70462,3.40288,0.273666,5714.73,ctrl
2,18,-0.65352,6.65518,-26.6715,-4.3295,33.3448,-1.70462,3.40288,0.150267,5714.73,ctrl
3,18,-0.65352,6.65518,-26.6715,-4.3295,33.3448,-1.70462,3.40288,0.553221,5714.73,ctrl
4,18,-0.65352,6.65518,-26.6715,-4.3295,33.3448,-1.70462,3.40288,-0.0103854,5714.73,ctrl
5,18,-0.65352,6.65518,-26.6715,-4.3295,33.3448,-1.70462,3.40288,0.751084,5714.73,ctrl
6,18,-0.65352,6.65518,-26.6715,-4.3295,33.3448,-1.70462,3.40288,-0.00916406,5714.73,ctrl
7,18,-0.65352,6.65518,-26.6715,-4.3295,33.3448,-1.70462,3.40288,0.502092,5714.73,ctrl
8,18,-0.65352,6.65518,-26.6715,-4.3295,33.3448,-1.70462,3.40288,0.0240946,5714.73,ctrl
9,18,-0.65352,6.65518,-26.6715,-4.3295,33.3448,-1.70462,3.40288,0.91689,5714.73,ctrl
10,18,-0.65352,6.65518,-26.6715,-4.3295,33.3448,-1.70462,3.40288,0.353967,5714.73,ctrl
1,19,-0.65352,6.65518,-26.6715,-4.3295,33.3448,-1.70462,3.40288,-0.116007,5714.73,ctrl
2,19,-0.65352,6.65518,-26.6715,-4.3295,33.3448,-1.70462,3.40288,0.895055,5714.73,ctrl
3,19,-0.65352,6.65518,-26.6715,-4.3295,33.3448,-1.70462,3.40288,0.80034,5714.73,ctrl
4,19,-0.65352,6.65518,-26.6715,-4.3295,33.3448,-1.70462,3.40288,0.0481834,5714.73,ctrl
5,19,-0.65352,6.65518,-26.6715,-4.3295,33.3448,-1.70462,3.40288,0.482856,5714.73,ctrl
6,19,-0.65352,6.65518,-26.6715,-4.3295,33.3448,-1.70462,3.40288,0.200945,5714.73,ctrl
7,19,-0.65352,6.65518,-26.6715,-4.3295,33.3448,-1.70462,3.40288,0.0962953,5714.73,ctrl
8,19,-0.65352,6.65518,-26.6715,-4.3295,33.3448,-1.70462,3.40288,0.104372,5714.73,ctrl
9,19,-0.65352,6.65518,-26.6715,-4.3295,33.3448,-1.70462,3.40288,-0.117032,5714.73,ctrl
10,19,-0.65352,6.65518,-26.6715,-4.3295,33.3448,-1.70462,3.40288,-0.0463895,5714.73,ctrl
1,20,-0.65352,6.65518,-26.6715,-4.3295,33.3448,-1.70462,3.40288,0.488104,5714.73,ctrl
2,20,-0.65352,6.65518,-26.6715,-4.3295,33.3448,-1.70462,3.40288,0.778071,5714.73,ctrl
3,20,-0.65352,6.65518,-26.6715,-4.3295,33.3448,-1.70462,3.40288,0.099597,5714.73,ctrl
4,20,-0.65352,6.65518,-26.6715,-4.3295,33.3448,-1.70462,3.40288,0.106598,5714.73,ctrl
5,20,-0.65352,6.65518,-26.6715,-4.3295,33.3448,-1.70462,3.40288,0.447679,5714.73,ctrl
6,20,-0.65352,6.65518,-26.6715,-4.3295,33.3448,-1.70462,3.40288,0.221026,5714.73,ctrl
7,20,-0.65352,6.65518,-26.6715,-4.3295,33.3448,-1.70462,3.40288,0.420268,5714.73,ctrl
8,20,-0.65352,6.65518,-26.6715,-4.3295,33.3448,-1.70462,3.40288,0.687864,5714.73,ctrl
9,20,-0.65352,6.65518,-26.6715,-4.3295,33.3448,-1.70462,3.40288,0.674098,5714.73,ctrl
10,20,-0.65352,6.65518,-26.6715,-4.3295,33.3448,-1.70462,3.40288,0.538103,5714.73,ctrl
