pwRes_abscissa,pwRes_cdf,iwRes_abscissa,iwRes_cdf,npde_abscissa,npde_cdf,split
-4,0,-4,0,-4,0,All
-1.9714,0.01,-2.0452,0.001,-2.06876,0.01,All
-1.91265,0.02,-2.01587,0.002,-2.0114,0.02,All
-1.60119,0.03,-2.01469,0.003,-1.64143,0.03,All
-1.51902,0.04,-2.01431,0.004,-1.56725,0.04,All
-1.44872,0.05,-2.00911,0.005,-1.54281,0.05,All
-1.37787,0.06,-1.99071,0.006,-1.50821,0.06,All
-1.35411,0.07,-1.98172,0.007,-1.43043,0.07,All
-1.3339,0.08,-1.98139,0.008,-1.35766,0.08,All
-1.31379,0.09,-1.96727,0.009,-1.31342,0.09,All
-1.31121,0.1,-1.95987,0.01,-1.31235,0.1,All
-1.30438,0.11,-1.95515,0.011,-1.31074,0.11,All
-1.30185,0.12,-1.95495,0.012,-1.2809,0.12,All
-1.21667,0.13,-1.94875,0.013,-1.27775,0.13,All
-1.08882,0.14,-1.94105,0.014,-1.0968,0.14,All
-1.0357,0.15,-1.9399,0.015,-1.06559,0.15,All
-1.03485,0.16,-1.9347,0.016,-1.04381,0.16,All
-1.00999,0.17,-1.92969,0.017,-1.03636,0.17,All
-0.949153,0.18,-1.91133,0.018,-1.03043,0.18,All
-0.865546,0.19,-1.90706,0.019,-0.939046,0.19,All
-0.856113,0.2,-1.89783,0.02,-0.902581,0.2,All
-0.848569,0.21,-1.86809,0.021,-0.851056,0.21,All
-0.831472,0.22,-1.85864,0.022,-0.839533,0.22,All
-0.825502,0.23,-1.79464,0.023,-0.776452,0.23,All
-0.776435,0.24,-1.75213,0.024,-0.758149,0.24,All
-0.772395,0.25,-1.75013,0.025,-0.721309,0.25,All
-0.733908,0.26,-1.74406,0.026,-0.712823,0.26,All
-0.70714,0.27,-1.73716,0.027,-0.689036,0.27,All
-0.696793,0.28,-1.71813,0.028,-0.6843,0.28,All
-0.688159,0.29,-1.70998,0.029,-0.672089,0.29,All
-0.539477,0.3,-1.6912,0.03,-0.522384,0.3,All
-0.511019,0.31,-1.61553,0.031,-0.486377,0.31,All
-0.503692,0.32,-1.59472,0.032,-0.438428,0.32,All
-0.48514,0.33,-1.58769,0.033,-0.422042,0.33,All
-0.471366,0.34,-1.55664,0.034,-0.417778,0.34,All
-0.415292,0.35,-1.55121,0.035,-0.352579,0.35,All
-0.413831,0.36,-1.53898,0.036,-0.34756,0.36,All
-0.389428,0.37,-1.52017,0.037,-0.297735,0.37,All
-0.383594,0.38,-1.51825,0.038,-0.276702,0.38,All
-0.236646,0.39,-1.50741,0.039,-0.193348,0.39,All
-0.213648,0.4,-1.49759,0.04,-0.175728,0.4,All
-0.203761,0.41,-1.46728,0.041,-0.103032,0.41,All
-0.192811,0.42,-1.46546,0.042,-0.0912712,0.42,All
-0.168282,0.43,-1.46449,0.043,-0.0627794,0.43,All
-0.106272,0.44,-1.46064,0.044,-0.0612046,0.44,All
-0.0848816,0.45,-1.45432,0.045,-0.0190199,0.45,All
-0.0782044,0.46,-1.45325,0.046,0.00738231,0.46,All
-0.0522431,0.47,-1.45286,0.047,0.0348505,0.47,All
0.0655529,0.48,-1.44767,0.048,0.125036,0.48,All
0.0857418,0.49,-1.44764,0.049,0.129682,0.49,All
0.106743,0.5,-1.44393,0.05,0.168701,0.5,All
0.138814,0.51,-1.4345,0.051,0.233726,0.51,All
0.217921,0.52,-1.42964,0.052,0.339619,0.52,All
0.242633,0.53,-1.42731,0.053,0.361194,0.53,All
0.312643,0.54,-1.42295,0.054,0.383804,0.54,All
0.313721,0.55,-1.42265,0.055,0.402293,0.55,All
0.383566,0.56,-1.42257,0.056,0.410237,0.56,All
0.405046,0.57,-1.42196,0.057,0.41669,0.57,All
0.407226,0.58,-1.42092,0.058,0.421852,0.58,All
0.411276,0.59,-1.42042,0.059,0.444783,0.59,All
0.411319,0.6,-1.41915,0.06,0.469236,0.6,All
0.466147,0.61,-1.41637,0.061,0.531921,0.61,All
0.480069,0.62,-1.41496,0.062,0.545609,0.62,All
0.502324,0.63,-1.41391,0.063,0.610862,0.63,All
0.533557,0.64,-1.40145,0.064,0.61262,0.64,All
0.569062,0.65,-1.39295,0.065,0.627736,0.65,All
0.593875,0.66,-1.39268,0.066,0.654445,0.66,All
0.594639,0.67,-1.39159,0.067,0.661044,0.67,All
0.611512,0.68,-1.37965,0.068,0.682841,0.68,All
0.675204,0.69,-1.37232,0.069,0.720464,0.69,All
0.677133,0.7,-1.35949,0.07,0.760029,0.7,All
0.771192,0.71,-1.34868,0.071,0.831411,0.71,All
0.791247,0.72,-1.34567,0.072,0.833227,0.72,All
0.812665,0.73,-1.34066,0.073,0.878891,0.73,All
0.812852,0.74,-1.33629,0.074,0.898687,0.74,All
0.852201,0.75,-1.33261,0.075,0.912478,0.75,All
0.859521,0.76,-1.31682,0.076,0.915699,0.76,All
0.872212,0.77,-1.30128,0.077,0.945276,0.77,All
0.880613,0.78,-1.28923,0.078,0.978803,0.78,All
1.00151,0.79,-1.2776,0.079,1.03976,0.79,All
1.11377,0.8,-1.27725,0.08,1.10487,0.8,All
1.11614,0.81,-1.2754,0.081,1.11924,0.81,All
1.12321,0.82,-1.2592,0.082,1.12221,0.82,All
1.15652,0.83,-1.2522,0.083,1.15225,0.83,All
1.18097,0.84,-1.24042,0.084,1.22675,0.84,All
1.19391,0.85,-1.23682,0.085,1.22693,0.85,All
1.25514,0.86,-1.23234,0.086,1.23067,0.86,All
1.27922,0.87,-1.22521,0.087,1.23778,0.87,All
1.30171,0.88,-1.21655,0.088,1.25497,0.88,All
1.31829,0.89,-1.21398,0.089,1.2882,0.89,All
1.32966,0.9,-1.20414,0.09,1.29834,0.9,All
1.35962,0.91,-1.19739,0.091,1.35203,0.91,All
1.37137,0.92,-1.19677,0.092,1.35313,0.92,All
1.38502,0.93,-1.19173,0.093,1.38442,0.93,All
1.50387,0.94,-1.18727,0.094,1.42373,0.94,All
1.5504,0.95,-1.18293,0.095,1.43087,0.95,All
1.57584,0.96,-1.17579,0.096,1.5283,0.96,All
1.58689,0.97,-1.16793,0.097,1.52992,0.97,All
1.64419,0.98,-1.16389,0.098,1.54674,0.98,All
2.18503,0.99,-1.15408,0.099,1.96091,0.99,All
2.60999,1,-1.15369,0.1,2.34953,1,All
4,1,-1.14897,0.101,4,1,All
,,-1.14296,0.102,,,All
,,-1.13833,0.103,,,All
,,-1.13711,0.104,,,All
,,-1.12711,0.105,,,All
,,-1.12435,0.106,,,All
,,-1.12403,0.107,,,All
,,-1.11966,0.108,,,All
,,-1.10629,0.109,,,All
,,-1.101,0.11,,,All
,,-1.1001,0.111,,,All
,,-1.09946,0.112,,,All
,,-1.09191,0.113,,,All
,,-1.08867,0.114,,,All
,,-1.08823,0.115,,,All
,,-1.07583,0.116,,,All
,,-1.07426,0.117,,,All
,,-1.07317,0.118,,,All
,,-1.06877,0.119,,,All
,,-1.06832,0.12,,,All
,,-1.06248,0.121,,,All
,,-1.04547,0.122,,,All
,,-1.0417,0.123,,,All
,,-1.02284,0.124,,,All
,,-1.0098,0.125,,,All
,,-1.00557,0.126,,,All
,,-1.00311,0.127,,,All
,,-0.998754,0.128,,,All
,,-0.998041,0.129,,,All
,,-0.984896,0.13,,,All
,,-0.974986,0.131,,,All
,,-0.973669,0.132,,,All
,,-0.970357,0.133,,,All
,,-0.963535,0.134,,,All
,,-0.960523,0.135,,,All
,,-0.958983,0.136,,,All
,,-0.94118,0.137,,,All
,,-0.936647,0.138,,,All
,,-0.934773,0.139,,,All
,,-0.927445,0.14,,,All
,,-0.926522,0.141,,,All
,,-0.920229,0.142,,,All
,,-0.911991,0.143,,,All
,,-0.902859,0.144,,,All
,,-0.899618,0.145,,,All
,,-0.894895,0.146,,,All
,,-0.891275,0.147,,,All
,,-0.890305,0.148,,,All
,,-0.889941,0.149,,,All
,,-0.887897,0.15,,,All
,,-0.887186,0.151,,,All
,,-0.88433,0.152,,,All
,,-0.88275,0.153,,,All
,,-0.882627,0.154,,,All
,,-0.876183,0.155,,,All
,,-0.873374,0.156,,,All
,,-0.869789,0.157,,,All
,,-0.860814,0.158,,,All
,,-0.860801,0.159,,,All
,,-0.858809,0.16,,,All
,,-0.858089,0.161,,,All
,,-0.85801,0.162,,,All
,,-0.857645,0.163,,,All
,,-0.856979,0.164,,,All
,,-0.856849,0.165,,,All
,,-0.856539,0.166,,,All
,,-0.855934,0.167,,,All
,,-0.851835,0.168,,,All
,,-0.844411,0.169,,,All
,,-0.842982,0.17,,,All
,,-0.833284,0.171,,,All
,,-0.828745,0.172,,,All
,,-0.823137,0.173,,,All
,,-0.821995,0.174,,,All
,,-0.820261,0.175,,,All
,,-0.81679,0.176,,,All
,,-0.809173,0.177,,,All
,,-0.807779,0.178,,,All
,,-0.807297,0.179,,,All
,,-0.801627,0.18,,,All
,,-0.794159,0.181,,,All
,,-0.790998,0.182,,,All
,,-0.772483,0.183,,,All
,,-0.772472,0.184,,,All
,,-0.758484,0.185,,,All
,,-0.7457,0.186,,,All
,,-0.740365,0.187,,,All
,,-0.73929,0.188,,,All
,,-0.736964,0.189,,,All
,,-0.732332,0.19,,,All
,,-0.730577,0.191,,,All
,,-0.73027,0.192,,,All
,,-0.725877,0.193,,,All
,,-0.72293,0.194,,,All
,,-0.720456,0.195,,,All
,,-0.718685,0.196,,,All
,,-0.711063,0.197,,,All
,,-0.709977,0.198,,,All
,,-0.706945,0.199,,,All
,,-0.706165,0.2,,,All
,,-0.703759,0.201,,,All
,,-0.699608,0.202,,,All
,,-0.680855,0.203,,,All
,,-0.680198,0.204,,,All
,,-0.679635,0.205,,,All
,,-0.675068,0.206,,,All
,,-0.670702,0.207,,,All
,,-0.666824,0.208,,,All
,,-0.666015,0.209,,,All
,,-0.665916,0.21,,,All
,,-0.665716,0.211,,,All
,,-0.665152,0.212,,,All
,,-0.665013,0.213,,,All
,,-0.663153,0.214,,,All
,,-0.640932,0.215,,,All
,,-0.635359,0.216,,,All
,,-0.634598,0.217,,,All
,,-0.632727,0.218,,,All
,,-0.631256,0.219,,,All
,,-0.628796,0.22,,,All
,,-0.627827,0.221,,,All
,,-0.624969,0.222,,,All
,,-0.623647,0.223,,,All
,,-0.617901,0.224,,,All
,,-0.614033,0.225,,,All
,,-0.613226,0.226,,,All
,,-0.610858,0.227,,,All
,,-0.606943,0.228,,,All
,,-0.603235,0.229,,,All
,,-0.598229,0.23,,,All
,,-0.597833,0.231,,,All
,,-0.5949,0.232,,,All
,,-0.58404,0.233,,,All
,,-0.57606,0.234,,,All
,,-0.5757,0.235,,,All
,,-0.573952,0.236,,,All
,,-0.567475,0.237,,,All
,,-0.565056,0.238,,,All
,,-0.560628,0.239,,,All
,,-0.559115,0.24,,,All
,,-0.556131,0.241,,,All
,,-0.552259,0.242,,,All
,,-0.544794,0.243,,,All
,,-0.534289,0.244,,,All
,,-0.533846,0.245,,,All
,,-0.528688,0.246,,,All
,,-0.527006,0.247,,,All
,,-0.526928,0.248,,,All
,,-0.517988,0.249,,,All
,,-0.517969,0.25,,,All
,,-0.511208,0.251,,,All
,,-0.508195,0.252,,,All
,,-0.503197,0.253,,,All
,,-0.500452,0.254,,,All
,,-0.492418,0.255,,,All
,,-0.485545,0.256,,,All
,,-0.47993,0.257,,,All
,,-0.478816,0.258,,,All
,,-0.477005,0.259,,,All
,,-0.460521,0.26,,,All
,,-0.454438,0.261,,,All
,,-0.448981,0.262,,,All
,,-0.441899,0.263,,,All
,,-0.439786,0.264,,,All
,,-0.436743,0.265,,,All
,,-0.436599,0.266,,,All
,,-0.435715,0.267,,,All
,,-0.433453,0.268,,,All
,,-0.432833,0.269,,,All
,,-0.428614,0.27,,,All
,,-0.427608,0.271,,,All
,,-0.424959,0.272,,,All
,,-0.424205,0.273,,,All
,,-0.421733,0.274,,,All
,,-0.418028,0.275,,,All
,,-0.411236,0.276,,,All
,,-0.404986,0.277,,,All
,,-0.401426,0.278,,,All
,,-0.39836,0.279,,,All
,,-0.396555,0.28,,,All
,,-0.393624,0.281,,,All
,,-0.389239,0.282,,,All
,,-0.388787,0.283,,,All
,,-0.386253,0.284,,,All
,,-0.38394,0.285,,,All
,,-0.378574,0.286,,,All
,,-0.374667,0.287,,,All
,,-0.367542,0.288,,,All
,,-0.366844,0.289,,,All
,,-0.363203,0.29,,,All
,,-0.362317,0.291,,,All
,,-0.36035,0.292,,,All
,,-0.358943,0.293,,,All
,,-0.357858,0.294,,,All
,,-0.353637,0.295,,,All
,,-0.349698,0.296,,,All
,,-0.348234,0.297,,,All
,,-0.342198,0.298,,,All
,,-0.342142,0.299,,,All
,,-0.339771,0.3,,,All
,,-0.332129,0.301,,,All
,,-0.331873,0.302,,,All
,,-0.327951,0.303,,,All
,,-0.327249,0.304,,,All
,,-0.32469,0.305,,,All
,,-0.319995,0.306,,,All
,,-0.319963,0.307,,,All
,,-0.316316,0.308,,,All
,,-0.313054,0.309,,,All
,,-0.310381,0.31,,,All
,,-0.303733,0.311,,,All
,,-0.303133,0.312,,,All
,,-0.302864,0.313,,,All
,,-0.300387,0.314,,,All
,,-0.295777,0.315,,,All
,,-0.289246,0.316,,,All
,,-0.278829,0.317,,,All
,,-0.277557,0.318,,,All
,,-0.272927,0.319,,,All
,,-0.26933,0.32,,,All
,,-0.26709,0.321,,,All
,,-0.259276,0.322,,,All
,,-0.257756,0.323,,,All
,,-0.25669,0.324,,,All
,,-0.245278,0.325,,,All
,,-0.245163,0.326,,,All
,,-0.243181,0.327,,,All
,,-0.237689,0.328,,,All
,,-0.229473,0.329,,,All
,,-0.226357,0.33,,,All
,,-0.217011,0.331,,,All
,,-0.214755,0.332,,,All
,,-0.214002,0.333,,,All
,,-0.21186,0.334,,,All
,,-0.206947,0.335,,,All
,,-0.202652,0.336,,,All
,,-0.201005,0.337,,,All
,,-0.200896,0.338,,,All
,,-0.200559,0.339,,,All
,,-0.199878,0.34,,,All
,,-0.197092,0.341,,,All
,,-0.194138,0.342,,,All
,,-0.192847,0.343,,,All
,,-0.19209,0.344,,,All
,,-0.189686,0.345,,,All
,,-0.189556,0.346,,,All
,,-0.184597,0.347,,,All
,,-0.1821,0.348,,,All
,,-0.180906,0.349,,,All
,,-0.178447,0.35,,,All
,,-0.178383,0.351,,,All
,,-0.176919,0.352,,,All
,,-0.176648,0.353,,,All
,,-0.175627,0.354,,,All
,,-0.172045,0.355,,,All
,,-0.171826,0.356,,,All
,,-0.169666,0.357,,,All
,,-0.168184,0.358,,,All
,,-0.167206,0.359,,,All
,,-0.159972,0.36,,,All
,,-0.157066,0.361,,,All
,,-0.154795,0.362,,,All
,,-0.154009,0.363,,,All
,,-0.150315,0.364,,,All
,,-0.146751,0.365,,,All
,,-0.145986,0.366,,,All
,,-0.145509,0.367,,,All
,,-0.145302,0.368,,,All
,,-0.14126,0.369,,,All
,,-0.139573,0.37,,,All
,,-0.138438,0.371,,,All
,,-0.13654,0.372,,,All
,,-0.126687,0.373,,,All
,,-0.126669,0.374,,,All
,,-0.124686,0.375,,,All
,,-0.124328,0.376,,,All
,,-0.123724,0.377,,,All
,,-0.11551,0.378,,,All
,,-0.109947,0.379,,,All
,,-0.108275,0.38,,,All
,,-0.107582,0.381,,,All
,,-0.106989,0.382,,,All
,,-0.106758,0.383,,,All
,,-0.106162,0.384,,,All
,,-0.105503,0.385,,,All
,,-0.10314,0.386,,,All
,,-0.102765,0.387,,,All
,,-0.0997661,0.388,,,All
,,-0.099697,0.389,,,All
,,-0.0971999,0.39,,,All
,,-0.0893656,0.391,,,All
,,-0.0850667,0.392,,,All
,,-0.0797273,0.393,,,All
,,-0.0773816,0.394,,,All
,,-0.0772389,0.395,,,All
,,-0.0681234,0.396,,,All
,,-0.0663422,0.397,,,All
,,-0.0648626,0.398,,,All
,,-0.0625855,0.399,,,All
,,-0.0612158,0.4,,,All
,,-0.0603393,0.401,,,All
,,-0.0561937,0.402,,,All
,,-0.0531182,0.403,,,All
,,-0.0524408,0.404,,,All
,,-0.0500851,0.405,,,All
,,-0.0457839,0.406,,,All
,,-0.0413473,0.407,,,All
,,-0.0382949,0.408,,,All
,,-0.0275499,0.409,,,All
,,-0.0218671,0.41,,,All
,,-0.0170504,0.411,,,All
,,-0.0128631,0.412,,,All
,,-0.0118398,0.413,,,All
,,-0.00785201,0.414,,,All
,,0.00114108,0.415,,,All
,,0.00235391,0.416,,,All
,,0.00293695,0.417,,,All
,,0.00521162,0.418,,,All
,,0.0161823,0.419,,,All
,,0.017655,0.42,,,All
,,0.0182287,0.421,,,All
,,0.0244635,0.422,,,All
,,0.0258136,0.423,,,All
,,0.0284113,0.424,,,All
,,0.0294787,0.425,,,All
,,0.0301751,0.426,,,All
,,0.0311119,0.427,,,All
,,0.0312264,0.428,,,All
,,0.0315069,0.429,,,All
,,0.0322309,0.43,,,All
,,0.0327769,0.431,,,All
,,0.0346336,0.432,,,All
,,0.0357638,0.433,,,All
,,0.0427558,0.434,,,All
,,0.043327,0.435,,,All
,,0.0435697,0.436,,,All
,,0.0498326,0.437,,,All
,,0.0544512,0.438,,,All
,,0.0551495,0.439,,,All
,,0.0553981,0.44,,,All
,,0.0562072,0.441,,,All
,,0.0565313,0.442,,,All
,,0.0568801,0.443,,,All
,,0.0588171,0.444,,,All
,,0.0597528,0.445,,,All
,,0.0602845,0.446,,,All
,,0.0632275,0.447,,,All
,,0.0654875,0.448,,,All
,,0.0678684,0.449,,,All
,,0.0687823,0.45,,,All
,,0.0754281,0.451,,,All
,,0.0804031,0.452,,,All
,,0.0897542,0.453,,,All
,,0.0937035,0.454,,,All
,,0.0976364,0.455,,,All
,,0.100597,0.456,,,All
,,0.100853,0.457,,,All
,,0.104197,0.458,,,All
,,0.110192,0.459,,,All
,,0.113895,0.46,,,All
,,0.117142,0.461,,,All
,,0.118494,0.462,,,All
,,0.118876,0.463,,,All
,,0.119572,0.464,,,All
,,0.124355,0.465,,,All
,,0.125958,0.466,,,All
,,0.126475,0.467,,,All
,,0.128467,0.468,,,All
,,0.130724,0.469,,,All
,,0.131105,0.47,,,All
,,0.134265,0.471,,,All
,,0.137752,0.472,,,All
,,0.138117,0.473,,,All
,,0.141539,0.474,,,All
,,0.14275,0.475,,,All
,,0.154131,0.476,,,All
,,0.155038,0.477,,,All
,,0.155601,0.478,,,All
,,0.161539,0.479,,,All
,,0.167847,0.48,,,All
,,0.169767,0.481,,,All
,,0.17138,0.482,,,All
,,0.176886,0.483,,,All
,,0.178082,0.484,,,All
,,0.180479,0.485,,,All
,,0.181054,0.486,,,All
,,0.185138,0.487,,,All
,,0.185502,0.488,,,All
,,0.193511,0.489,,,All
,,0.195513,0.49,,,All
,,0.195748,0.491,,,All
,,0.201533,0.492,,,All
,,0.205146,0.493,,,All
,,0.206385,0.494,,,All
,,0.210555,0.495,,,All
,,0.210846,0.496,,,All
,,0.211487,0.497,,,All
,,0.211832,0.498,,,All
,,0.215311,0.499,,,All
,,0.216249,0.5,,,All
,,0.216656,0.501,,,All
,,0.222716,0.502,,,All
,,0.22302,0.503,,,All
,,0.224357,0.504,,,All
,,0.22825,0.505,,,All
,,0.229507,0.506,,,All
,,0.229682,0.507,,,All
,,0.233425,0.508,,,All
,,0.234476,0.509,,,All
,,0.237929,0.51,,,All
,,0.238118,0.511,,,All
,,0.238657,0.512,,,All
,,0.239817,0.513,,,All
,,0.246455,0.514,,,All
,,0.248062,0.515,,,All
,,0.252625,0.516,,,All
,,0.253701,0.517,,,All
,,0.254347,0.518,,,All
,,0.254583,0.519,,,All
,,0.255508,0.52,,,All
,,0.258287,0.521,,,All
,,0.260482,0.522,,,All
,,0.260972,0.523,,,All
,,0.261325,0.524,,,All
,,0.26927,0.525,,,All
,,0.279599,0.526,,,All
,,0.28433,0.527,,,All
,,0.285185,0.528,,,All
,,0.290189,0.529,,,All
,,0.292596,0.53,,,All
,,0.292859,0.531,,,All
,,0.298424,0.532,,,All
,,0.303164,0.533,,,All
,,0.303929,0.534,,,All
,,0.305839,0.535,,,All
,,0.306022,0.536,,,All
,,0.312555,0.537,,,All
,,0.315023,0.538,,,All
,,0.316287,0.539,,,All
,,0.320886,0.54,,,All
,,0.325362,0.541,,,All
,,0.331546,0.542,,,All
,,0.332282,0.543,,,All
,,0.33277,0.544,,,All
,,0.335363,0.545,,,All
,,0.336177,0.546,,,All
,,0.337248,0.547,,,All
,,0.340359,0.548,,,All
,,0.342256,0.549,,,All
,,0.343217,0.55,,,All
,,0.345024,0.551,,,All
,,0.347864,0.552,,,All
,,0.348551,0.553,,,All
,,0.351308,0.554,,,All
,,0.354727,0.555,,,All
,,0.355907,0.556,,,All
,,0.356993,0.557,,,All
,,0.361147,0.558,,,All
,,0.364478,0.559,,,All
,,0.365472,0.56,,,All
,,0.365683,0.561,,,All
,,0.366722,0.562,,,All
,,0.367983,0.563,,,All
,,0.368077,0.564,,,All
,,0.369717,0.565,,,All
,,0.369816,0.566,,,All
,,0.370468,0.567,,,All
,,0.37282,0.568,,,All
,,0.373349,0.569,,,All
,,0.373779,0.57,,,All
,,0.378462,0.571,,,All
,,0.380316,0.572,,,All
,,0.381255,0.573,,,All
,,0.381466,0.574,,,All
,,0.381955,0.575,,,All
,,0.38335,0.576,,,All
,,0.38374,0.577,,,All
,,0.387383,0.578,,,All
,,0.388171,0.579,,,All
,,0.393359,0.58,,,All
,,0.393664,0.581,,,All
,,0.395309,0.582,,,All
,,0.397306,0.583,,,All
,,0.398459,0.584,,,All
,,0.400428,0.585,,,All
,,0.404077,0.586,,,All
,,0.404595,0.587,,,All
,,0.411265,0.588,,,All
,,0.413038,0.589,,,All
,,0.414137,0.59,,,All
,,0.417881,0.591,,,All
,,0.418795,0.592,,,All
,,0.422823,0.593,,,All
,,0.423386,0.594,,,All
,,0.42736,0.595,,,All
,,0.427591,0.596,,,All
,,0.428415,0.597,,,All
,,0.430622,0.598,,,All
,,0.434672,0.599,,,All
,,0.435187,0.6,,,All
,,0.43812,0.601,,,All
,,0.438822,0.602,,,All
,,0.440943,0.603,,,All
,,0.446412,0.604,,,All
,,0.44784,0.605,,,All
,,0.448599,0.606,,,All
,,0.449317,0.607,,,All
,,0.450203,0.608,,,All
,,0.450893,0.609,,,All
,,0.453905,0.61,,,All
,,0.454904,0.611,,,All
,,0.455574,0.612,,,All
,,0.457027,0.613,,,All
,,0.458733,0.614,,,All
,,0.460626,0.615,,,All
,,0.460673,0.616,,,All
,,0.463406,0.617,,,All
,,0.466146,0.618,,,All
,,0.467942,0.619,,,All
,,0.473443,0.62,,,All
,,0.483669,0.621,,,All
,,0.487201,0.622,,,All
,,0.491833,0.623,,,All
,,0.494118,0.624,,,All
,,0.494599,0.625,,,All
,,0.495927,0.626,,,All
,,0.505333,0.627,,,All
,,0.505503,0.628,,,All
,,0.50666,0.629,,,All
,,0.510262,0.63,,,All
,,0.512851,0.631,,,All
,,0.513131,0.632,,,All
,,0.513947,0.633,,,All
,,0.51404,0.634,,,All
,,0.51408,0.635,,,All
,,0.518638,0.636,,,All
,,0.518777,0.637,,,All
,,0.519298,0.638,,,All
,,0.520918,0.639,,,All
,,0.527121,0.64,,,All
,,0.531673,0.641,,,All
,,0.534186,0.642,,,All
,,0.534688,0.643,,,All
,,0.53683,0.644,,,All
,,0.537019,0.645,,,All
,,0.538331,0.646,,,All
,,0.540254,0.647,,,All
,,0.540259,0.648,,,All
,,0.540507,0.649,,,All
,,0.541418,0.65,,,All
,,0.541775,0.651,,,All
,,0.546555,0.652,,,All
,,0.550153,0.653,,,All
,,0.550283,0.654,,,All
,,0.551087,0.655,,,All
,,0.553833,0.656,,,All
,,0.558508,0.657,,,All
,,0.55894,0.658,,,All
,,0.559537,0.659,,,All
,,0.559757,0.66,,,All
,,0.561433,0.661,,,All
,,0.561815,0.662,,,All
,,0.563734,0.663,,,All
,,0.564776,0.664,,,All
,,0.565689,0.665,,,All
,,0.565726,0.666,,,All
,,0.567456,0.667,,,All
,,0.568751,0.668,,,All
,,0.569702,0.669,,,All
,,0.571732,0.67,,,All
,,0.574591,0.671,,,All
,,0.576375,0.672,,,All
,,0.57932,0.673,,,All
,,0.581019,0.674,,,All
,,0.58118,0.675,,,All
,,0.581773,0.676,,,All
,,0.584225,0.677,,,All
,,0.588488,0.678,,,All
,,0.594778,0.679,,,All
,,0.596273,0.68,,,All
,,0.597936,0.681,,,All
,,0.600751,0.682,,,All
,,0.602473,0.683,,,All
,,0.6031,0.684,,,All
,,0.604071,0.685,,,All
,,0.608849,0.686,,,All
,,0.612632,0.687,,,All
,,0.616807,0.688,,,All
,,0.619889,0.689,,,All
,,0.621284,0.69,,,All
,,0.623191,0.691,,,All
,,0.627825,0.692,,,All
,,0.629478,0.693,,,All
,,0.629665,0.694,,,All
,,0.629971,0.695,,,All
,,0.633673,0.696,,,All
,,0.6353,0.697,,,All
,,0.635551,0.698,,,All
,,0.63714,0.699,,,All
,,0.638091,0.7,,,All
,,0.638376,0.701,,,All
,,0.648534,0.702,,,All
,,0.654441,0.703,,,All
,,0.657322,0.704,,,All
,,0.658505,0.705,,,All
,,0.659288,0.706,,,All
,,0.664426,0.707,,,All
,,0.665268,0.708,,,All
,,0.665525,0.709,,,All
,,0.665634,0.71,,,All
,,0.665648,0.711,,,All
,,0.670742,0.712,,,All
,,0.671382,0.713,,,All
,,0.672664,0.714,,,All
,,0.679389,0.715,,,All
,,0.685197,0.716,,,All
,,0.686358,0.717,,,All
,,0.689166,0.718,,,All
,,0.689648,0.719,,,All
,,0.691989,0.72,,,All
,,0.693284,0.721,,,All
,,0.694311,0.722,,,All
,,0.697159,0.723,,,All
,,0.697302,0.724,,,All
,,0.697611,0.725,,,All
,,0.702929,0.726,,,All
,,0.703889,0.727,,,All
,,0.704348,0.728,,,All
,,0.706271,0.729,,,All
,,0.710039,0.73,,,All
,,0.710316,0.731,,,All
,,0.710714,0.732,,,All
,,0.712355,0.733,,,All
,,0.715698,0.734,,,All
,,0.726035,0.735,,,All
,,0.726924,0.736,,,All
,,0.727827,0.737,,,All
,,0.735641,0.738,,,All
,,0.739429,0.739,,,All
,,0.742103,0.74,,,All
,,0.742984,0.741,,,All
,,0.747725,0.742,,,All
,,0.748585,0.743,,,All
,,0.74891,0.744,,,All
,,0.753399,0.745,,,All
,,0.753451,0.746,,,All
,,0.755626,0.747,,,All
,,0.76044,0.748,,,All
,,0.761229,0.749,,,All
,,0.765622,0.75,,,All
,,0.76775,0.751,,,All
,,0.767966,0.752,,,All
,,0.770036,0.753,,,All
,,0.770304,0.754,,,All
,,0.77033,0.755,,,All
,,0.772707,0.756,,,All
,,0.775112,0.757,,,All
,,0.775372,0.758,,,All
,,0.78151,0.759,,,All
,,0.783808,0.76,,,All
,,0.784024,0.761,,,All
,,0.786863,0.762,,,All
,,0.792012,0.763,,,All
,,0.7975,0.764,,,All
,,0.800846,0.765,,,All
,,0.800933,0.766,,,All
,,0.802389,0.767,,,All
,,0.810466,0.768,,,All
,,0.811131,0.769,,,All
,,0.812554,0.77,,,All
,,0.813859,0.771,,,All
,,0.819586,0.772,,,All
,,0.823838,0.773,,,All
,,0.825698,0.774,,,All
,,0.826839,0.775,,,All
,,0.83086,0.776,,,All
,,0.835785,0.777,,,All
,,0.841229,0.778,,,All
,,0.842097,0.779,,,All
,,0.845515,0.78,,,All
,,0.846295,0.781,,,All
,,0.847647,0.782,,,All
,,0.848797,0.783,,,All
,,0.850483,0.784,,,All
,,0.850737,0.785,,,All
,,0.854685,0.786,,,All
,,0.862784,0.787,,,All
,,0.863748,0.788,,,All
,,0.869415,0.789,,,All
,,0.870644,0.79,,,All
,,0.879979,0.791,,,All
,,0.880407,0.792,,,All
,,0.885055,0.793,,,All
,,0.891675,0.794,,,All
,,0.89186,0.795,,,All
,,0.896151,0.796,,,All
,,0.896273,0.797,,,All
,,0.896869,0.798,,,All
,,0.897029,0.799,,,All
,,0.899403,0.8,,,All
,,0.904441,0.801,,,All
,,0.907718,0.802,,,All
,,0.910043,0.803,,,All
,,0.912603,0.804,,,All
,,0.913848,0.805,,,All
,,0.915814,0.806,,,All
,,0.917366,0.807,,,All
,,0.930768,0.808,,,All
,,0.931125,0.809,,,All
,,0.934897,0.81,,,All
,,0.937219,0.811,,,All
,,0.937511,0.812,,,All
,,0.940675,0.813,,,All
,,0.94405,0.814,,,All
,,0.944994,0.815,,,All
,,0.945751,0.816,,,All
,,0.947215,0.817,,,All
,,0.950771,0.818,,,All
,,0.965453,0.819,,,All
,,0.9666,0.82,,,All
,,0.96879,0.821,,,All
,,0.971112,0.822,,,All
,,0.97211,0.823,,,All
,,0.977253,0.824,,,All
,,0.982663,0.825,,,All
,,0.98309,0.826,,,All
,,0.986036,0.827,,,All
,,0.986229,0.828,,,All
,,0.988183,0.829,,,All
,,0.992715,0.83,,,All
,,0.994193,0.831,,,All
,,1.00863,0.832,,,All
,,1.00884,0.833,,,All
,,1.01292,0.834,,,All
,,1.02709,0.835,,,All
,,1.02842,0.836,,,All
,,1.0318,0.837,,,All
,,1.03188,0.838,,,All
,,1.03275,0.839,,,All
,,1.0465,0.84,,,All
,,1.047,0.841,,,All
,,1.04819,0.842,,,All
,,1.05733,0.843,,,All
,,1.06363,0.844,,,All
,,1.06427,0.845,,,All
,,1.0683,0.846,,,All
,,1.0709,0.847,,,All
,,1.08885,0.848,,,All
,,1.09403,0.849,,,All
,,1.09667,0.85,,,All
,,1.10207,0.851,,,All
,,1.11326,0.852,,,All
,,1.12479,0.853,,,All
,,1.12502,0.854,,,All
,,1.12673,0.855,,,All
,,1.13366,0.856,,,All
,,1.13879,0.857,,,All
,,1.14027,0.858,,,All
,,1.14233,0.859,,,All
,,1.146,0.86,,,All
,,1.14766,0.861,,,All
,,1.14882,0.862,,,All
,,1.14965,0.863,,,All
,,1.15071,0.864,,,All
,,1.15119,0.865,,,All
,,1.15574,0.866,,,All
,,1.15681,0.867,,,All
,,1.15708,0.868,,,All
,,1.15718,0.869,,,All
,,1.16211,0.87,,,All
,,1.16435,0.871,,,All
,,1.16581,0.872,,,All
,,1.17253,0.873,,,All
,,1.18082,0.874,,,All
,,1.18561,0.875,,,All
,,1.18646,0.876,,,All
,,1.1874,0.877,,,All
,,1.18879,0.878,,,All
,,1.19131,0.879,,,All
,,1.19629,0.88,,,All
,,1.20411,0.881,,,All
,,1.20584,0.882,,,All
,,1.21423,0.883,,,All
,,1.21553,0.884,,,All
,,1.21681,0.885,,,All
,,1.21688,0.886,,,All
,,1.21709,0.887,,,All
,,1.21806,0.888,,,All
,,1.2183,0.889,,,All
,,1.21909,0.89,,,All
,,1.22034,0.891,,,All
,,1.22083,0.892,,,All
,,1.22626,0.893,,,All
,,1.22782,0.894,,,All
,,1.23073,0.895,,,All
,,1.25489,0.896,,,All
,,1.25717,0.897,,,All
,,1.25983,0.898,,,All
,,1.26463,0.899,,,All
,,1.26777,0.9,,,All
,,1.2695,0.901,,,All
,,1.27233,0.902,,,All
,,1.27988,0.903,,,All
,,1.28157,0.904,,,All
,,1.28532,0.905,,,All
,,1.28879,0.906,,,All
,,1.29079,0.907,,,All
,,1.29399,0.908,,,All
,,1.30881,0.909,,,All
,,1.30889,0.91,,,All
,,1.31436,0.911,,,All
,,1.32204,0.912,,,All
,,1.34519,0.913,,,All
,,1.34816,0.914,,,All
,,1.35152,0.915,,,All
,,1.35234,0.916,,,All
,,1.3531,0.917,,,All
,,1.35612,0.918,,,All
,,1.38002,0.919,,,All
,,1.39895,0.92,,,All
,,1.40565,0.921,,,All
,,1.41494,0.922,,,All
,,1.42167,0.923,,,All
,,1.42529,0.924,,,All
,,1.46221,0.925,,,All
,,1.46357,0.926,,,All
,,1.47407,0.927,,,All
,,1.47407,0.928,,,All
,,1.47869,0.929,,,All
,,1.48335,0.93,,,All
,,1.48705,0.931,,,All
,,1.50495,0.932,,,All
,,1.53365,0.933,,,All
,,1.53422,0.934,,,All
,,1.54404,0.935,,,All
,,1.55426,0.936,,,All
,,1.56878,0.937,,,All
,,1.57972,0.938,,,All
,,1.59426,0.939,,,All
,,1.61019,0.94,,,All
,,1.61331,0.941,,,All
,,1.65748,0.942,,,All
,,1.71423,0.943,,,All
,,1.74596,0.944,,,All
,,1.74962,0.945,,,All
,,1.74988,0.946,,,All
,,1.75478,0.947,,,All
,,1.77517,0.948,,,All
,,1.8124,0.949,,,All
,,1.82748,0.95,,,All
,,1.83441,0.951,,,All
,,1.8667,0.952,,,All
,,1.88427,0.953,,,All
,,1.88932,0.954,,,All
,,1.91297,0.955,,,All
,,1.92092,0.956,,,All
,,1.92293,0.957,,,All
,,1.93252,0.958,,,All
,,1.96356,0.959,,,All
,,1.99755,0.96,,,All
,,2.00451,0.961,,,All
,,2.00995,0.962,,,All
,,2.01136,0.963,,,All
,,2.01606,0.964,,,All
,,2.06095,0.965,,,All
,,2.06973,0.966,,,All
,,2.08544,0.967,,,All
,,2.09222,0.968,,,All
,,2.09754,0.969,,,All
,,2.12059,0.97,,,All
,,2.16051,0.971,,,All
,,2.17431,0.972,,,All
,,2.1889,0.973,,,All
,,2.19563,0.974,,,All
,,2.22992,0.975,,,All
,,2.26993,0.976,,,All
,,2.27616,0.977,,,All
,,2.27816,0.978,,,All
,,2.29469,0.979,,,All
,,2.46034,0.98,,,All
,,2.56953,0.981,,,All
,,2.6745,0.982,,,All
,,2.67495,0.983,,,All
,,2.70202,0.984,,,All
,,2.74314,0.985,,,All
,,2.76747,0.986,,,All
,,2.81952,0.987,,,All
,,2.83784,0.988,,,All
,,2.85695,0.989,,,All
,,2.87997,0.99,,,All
,,2.89201,0.991,,,All
,,2.89413,0.992,,,All
,,2.96274,0.993,,,All
,,2.99041,0.994,,,All
,,3.01402,0.995,,,All
,,3.05293,0.996,,,All
,,3.0991,0.997,,,All
,,3.11233,0.998,,,All
,,3.12935,0.999,,,All
,,3.18856,1,,,All
,,4,1,,,All
