ID,time,prediction_pwRes,pwRes,pwRes_simBlq,prediction_iwRes_mean,iwRes_mean,iwRes_mean_simBlq,prediction_iwRes_mode,iwRes_mode,iwRes_mode_simBlq,prediction_npde,npde,npde_simBlq,censored,split,color,filter
1,0,2.46427e+06,-0.696793,-0.696793,2.06225e+06,-0.550382,-0.550382,1.87372e+06,-0.366,-0.366,2.46427e+06,-0.6843,-0.6843,0,All,#4682B4,0
1,1,3.00684e+06,-0.415292,-0.415292,2.63438e+06,-0.224718,-0.224718,2.44741e+06,-0.0598372,-0.0598372,3.00684e+06,-0.34756,-0.34756,0,All,#4682B4,0
1,2,2.66843e+06,-1.0357,-1.0357,2.70437e+06,-1.1245,-1.1245,2.69333e+06,-1.11934,-1.11934,2.66843e+06,-1.04381,-1.04381,0,All,#4682B4,0
1,3,1.51327e+06,-0.48514,-0.48514,1.61717e+06,-0.544131,-0.544131,1.67786e+06,-0.610636,-0.610636,1.51327e+06,-0.486377,-0.486377,0,All,#4682B4,0
1,4,994527,-1.91265,-1.91265,1.04741e+06,-1.97921,-1.97921,1.07884e+06,-1.99097,-1.99097,994527,-2.0114,-2.0114,0,All,#4682B4,0
2,0,2.46427e+06,-0.539477,-0.539477,2.29846e+06,-0.645261,-0.645261,2.07878e+06,-0.461629,-0.461629,2.46427e+06,-0.422042,-0.422042,0,All,#4682B4,0
2,1,3.00684e+06,-0.192811,-0.192811,2.85735e+06,0.0109382,0.0109382,2.65039e+06,0.197869,0.197869,3.00684e+06,-0.0627794,-0.0627794,0,All,#4682B4,0
2,2,2.66843e+06,-0.772395,-0.772395,2.6887e+06,-0.877494,-0.877494,2.70405e+06,-0.886041,-0.886041,2.66843e+06,-0.712823,-0.712823,0,All,#4682B4,0
2,3,1.51327e+06,-0.471366,-0.471366,1.55219e+06,-0.501753,-0.501753,1.61236e+06,-0.57195,-0.57195,1.51327e+06,-0.438428,-0.438428,0,All,#4682B4,0
2,4,994527,-1.44872,-1.44872,1.0147e+06,-1.54281,-1.54281,1.04326e+06,-1.56581,-1.56581,994527,-1.54281,-1.54281,0,All,#4682B4,0
3,0,2.46427e+06,-0.503692,-0.503692,2.09237e+06,-0.345776,-0.345776,1.86009e+06,-0.091382,-0.091382,2.46427e+06,-0.352579,-0.352579,0,All,#4682B4,0
3,1,3.00684e+06,-0.70714,-0.70714,2.66349e+06,-0.701949,-0.701949,2.43355e+06,-0.543119,-0.543119,3.00684e+06,-0.721309,-0.721309,0,All,#4682B4,0
3,2,2.66843e+06,-1.31379,-1.31379,2.70398e+06,-1.47187,-1.47187,2.69167e+06,-1.4677,-1.4677,2.66843e+06,-1.31342,-1.31342,0,All,#4682B4,0
3,3,1.51327e+06,-1.08882,-1.08882,1.60822e+06,-1.23512,-1.23512,1.68319e+06,-1.28624,-1.28624,1.51327e+06,-1.06559,-1.06559,0,All,#4682B4,0
3,4,994527,-1.60119,-1.60119,1.04276e+06,-1.77141,-1.77141,1.08139e+06,-1.79326,-1.79326,994527,-1.64143,-1.64143,0,All,#4682B4,0
4,0,2.46427e+06,-0.383594,-0.383594,2.3326e+06,-0.39443,-0.39443,2.18395e+06,-0.259083,-0.259083,2.46427e+06,-0.276702,-0.276702,0,All,#4682B4,0
4,1,3.00684e+06,-0.106272,-0.106272,2.88859e+06,0.00363991,0.00363991,2.75078e+06,0.123207,0.123207,3.00684e+06,-0.0190199,-0.0190199,0,All,#4682B4,0
4,2,2.66843e+06,0.533557,0.533557,2.68573e+06,0.373857,0.373857,2.69828e+06,0.36103,0.36103,2.66843e+06,0.545609,0.545609,0,All,#4682B4,0
4,3,1.51327e+06,-1.31121,-1.31121,1.54418e+06,-1.32662,-1.32662,1.58161e+06,-1.35162,-1.35162,1.51327e+06,-1.35766,-1.35766,0,All,#4682B4,0
4,4,994527,-1.9714,-1.9714,1.00951e+06,-1.93746,-1.93746,1.02912e+06,-1.94594,-1.94594,994527,-2.06876,-2.06876,0,All,#4682B4,0
5,0,2.46427e+06,0.242633,0.242633,3.07627e+06,-0.0634098,-0.0634098,2.86831e+06,0.10476,0.10476,2.46427e+06,0.410237,0.410237,0,All,#4682B4,0
5,1,3.00684e+06,0.411319,0.411319,3.51384e+06,0.129149,0.129149,3.34899e+06,0.252805,0.252805,3.00684e+06,0.444783,0.444783,0,All,#4682B4,0
5,2,2.66843e+06,-1.37787,-1.37787,2.55475e+06,-1.42916,-1.42916,2.5969e+06,-1.44464,-1.44464,2.66843e+06,-1.43043,-1.43043,0,All,#4682B4,0
5,3,1.51327e+06,-0.949153,-0.949153,1.40311e+06,-0.875968,-0.875968,1.4354e+06,-0.909861,-0.909861,1.51327e+06,-1.03636,-1.03636,0,All,#4682B4,0
5,4,994527,-0.776435,-0.776435,942528,-0.680827,-0.680827,957462,-0.707375,-0.707375,994527,-0.851056,-0.851056,0,All,#4682B4,0
6,0,2.46427e+06,0.569062,0.569062,2.9143e+06,0.535389,0.535389,2.91673e+06,0.53296,0.53296,2.46427e+06,0.661044,0.661044,0,All,#4682B4,0
6,1,3.00684e+06,0.138814,0.138814,3.38607e+06,-0.093245,-0.093245,3.38802e+06,-0.0945613,-0.0945613,3.00684e+06,0.233726,0.233726,0,All,#4682B4,0
6,2,2.66843e+06,0.313721,0.313721,2.58597e+06,0.251772,0.251772,2.58688e+06,0.250847,0.250847,2.66843e+06,0.361194,0.361194,0,All,#4682B4,0
6,3,1.51327e+06,-0.0782044,-0.0782044,1.4278e+06,0.0946602,0.0946602,1.42702e+06,0.0960139,0.0960139,1.51327e+06,0.00738231,0.00738231,0,All,#4682B4,0
6,4,994527,-0.168282,-0.168282,953676,-0.0813182,-0.0813182,952905,-0.0794574,-0.0794574,994527,-0.175728,-0.175728,0,All,#4682B4,0
7,0,2.46427e+06,0.677133,0.677133,2.79763e+06,0.781861,0.781861,2.79523e+06,0.784571,0.784571,2.46427e+06,0.915699,0.915699,0,All,#4682B4,0
7,1,3.00684e+06,1.5504,1.5504,3.29128e+06,1.61247,1.61247,3.28931e+06,1.61486,1.61486,3.00684e+06,1.43087,1.43087,0,All,#4682B4,0
7,2,2.66843e+06,0.791247,0.791247,2.60814e+06,0.692654,0.692654,2.60812e+06,0.692679,0.692679,2.66843e+06,0.760029,0.760029,0,All,#4682B4,0
7,3,1.51327e+06,1.58689,1.58689,1.44764e+06,2.0824,2.0824,1.44823e+06,2.08058,2.08058,1.51327e+06,1.42373,1.42373,0,All,#4682B4,0
7,4,994527,2.18503,2.18503,963435,2.73806,2.73806,964819,2.73072,2.73072,994527,1.96091,1.96091,0,All,#4682B4,0
8,0,2.46427e+06,0.852201,0.852201,3.06551e+06,0.575375,0.575375,2.98744e+06,0.652684,0.652684,2.46427e+06,0.945276,0.945276,0,All,#4682B4,0
8,1,3.00684e+06,1.11377,1.11377,3.50549e+06,0.79386,0.79386,3.44431e+06,0.850288,0.850288,3.00684e+06,1.15225,1.15225,0,All,#4682B4,0
8,2,2.66843e+06,1.27922,1.27922,2.55686e+06,1.27939,1.27939,2.5731e+06,1.25628,1.25628,2.66843e+06,1.23778,1.23778,0,All,#4682B4,0
8,3,1.51327e+06,0.0857418,0.0857418,1.4044e+06,0.384494,0.384494,1.41724e+06,0.359419,0.359419,1.51327e+06,0.125036,0.125036,0,All,#4682B4,0
8,4,994527,0.383566,0.383566,942909,0.685344,0.685344,948786,0.66634,0.66634,994527,0.383804,0.383804,0,All,#4682B4,0
9,0,2.46427e+06,1.12321,1.12321,2.78286e+06,1.34863,1.34863,2.78491e+06,1.34587,1.34587,2.46427e+06,1.23067,1.23067,0,All,#4682B4,0
9,1,3.00684e+06,1.38502,1.38502,3.27911e+06,1.39803,1.39803,3.2808e+06,1.39607,1.39607,3.00684e+06,1.2882,1.2882,0,All,#4682B4,0
9,2,2.66843e+06,1.31829,1.31829,2.61038e+06,1.24545,1.24545,2.61003e+06,1.24594,1.24594,2.66843e+06,1.35313,1.35313,0,All,#4682B4,0
9,3,1.51327e+06,1.64419,1.64419,1.45022e+06,2.14853,2.14853,1.45013e+06,2.14882,2.14882,1.51327e+06,1.5283,1.5283,0,All,#4682B4,0
9,4,994527,2.60999,2.60999,965263,3.08998,3.08998,966104,3.08522,3.08522,994527,2.34953,2.34953,0,All,#4682B4,0
10,0,2.46427e+06,1.11614,1.11614,3.30799e+06,0.813074,0.813074,3.06004e+06,1.07204,1.07204,2.46427e+06,1.12221,1.12221,0,All,#4682B4,0
10,1,3.00684e+06,0.217921,0.217921,3.68929e+06,-0.186821,-0.186821,3.50124e+06,-0.0688639,-0.0688639,3.00684e+06,0.339619,0.339619,0,All,#4682B4,0
10,2,2.66843e+06,0.880613,0.880613,2.50791e+06,0.95475,0.95475,2.55711e+06,0.890534,0.890534,2.66843e+06,0.898687,0.898687,0,All,#4682B4,0
10,3,1.51327e+06,-0.511019,-0.511019,1.37203e+06,-0.313436,-0.313436,1.40605e+06,-0.363516,-0.363516,1.51327e+06,-0.522384,-0.522384,0,All,#4682B4,0
10,4,994527,0.593875,0.593875,929228,0.99058,0.99058,944677,0.935407,0.935407,994527,0.654445,0.654445,0,All,#4682B4,0
11,0,2.46427e+06,-0.856113,-0.856113,1.25373e+06,-0.0534265,-0.0534265,1.15827e+06,0.138576,0.138576,2.46427e+06,-0.939046,-0.939046,0,All,#4682B4,0
11,1,3.00486e+06,-0.825502,-0.825502,1.76824e+06,0.0221672,0.0221672,1.65392e+06,0.18841,0.18841,3.00486e+06,-0.758149,-0.758149,0,All,#4682B4,0
11,2,3.457e+06,-0.688159,-0.688159,2.33865e+06,-0.0617987,-0.0617987,2.21619e+06,0.0664582,0.0664582,3.457e+06,-0.672089,-0.672089,0,All,#4682B4,0
11,3,3.79865e+06,-1.00999,-1.00999,2.89432e+06,-0.611471,-0.611471,2.7746e+06,-0.535035,-0.535035,3.79865e+06,-1.03043,-1.03043,0,All,#4682B4,0
11,4,4.03622e+06,-0.831472,-0.831472,3.37135e+06,-0.632795,-0.632795,3.27305e+06,-0.580235,-0.580235,4.03622e+06,-0.776452,-0.776452,0,All,#4682B4,0
12,0,2.46427e+06,-0.865546,-0.865546,1.07374e+06,0.503856,0.503856,967540,0.820714,0.820714,2.46427e+06,-0.902581,-0.902581,0,All,#4682B4,0
12,1,3.00486e+06,-1.21667,-1.21667,1.55025e+06,-0.635493,-0.635493,1.41662e+06,-0.47065,-0.47065,3.00486e+06,-1.31074,-1.31074,0,All,#4682B4,0
12,2,3.457e+06,-1.35411,-1.35411,2.10367e+06,-1.01496,-1.01496,1.95502e+06,-0.910946,-0.910946,3.457e+06,-1.50821,-1.50821,0,All,#4682B4,0
12,3,3.79865e+06,-1.30438,-1.30438,2.67027e+06,-0.998984,-0.998984,2.52285e+06,-0.918115,-0.918115,3.79865e+06,-1.31235,-1.31235,0,All,#4682B4,0
12,4,4.03622e+06,-1.51902,-1.51902,3.18194e+06,-1.28795,-1.28795,3.05198e+06,-1.24133,-1.24133,4.03622e+06,-1.56725,-1.56725,0,All,#4682B4,0
13,0,2.46427e+06,-0.733908,-0.733908,1.26623e+06,0.312299,0.312299,1.15827e+06,0.563526,0.563526,2.46427e+06,-0.689036,-0.689036,0,All,#4682B4,0
13,1,3.00486e+06,-0.848569,-0.848569,1.783e+06,0.0398789,0.0398789,1.65392e+06,0.228962,0.228962,3.00486e+06,-0.839533,-0.839533,0,All,#4682B4,0
13,2,3.457e+06,-1.03485,-1.03485,2.35398e+06,-0.675742,-0.675742,2.21619e+06,-0.569604,-0.569604,3.457e+06,-1.0968,-1.0968,0,All,#4682B4,0
13,3,3.79865e+06,-1.30185,-1.30185,2.90831e+06,-1.08923,-1.08923,2.7746e+06,-1.02689,-1.02689,3.79865e+06,-1.2809,-1.2809,0,All,#4682B4,0
13,4,4.03622e+06,-1.3339,-1.3339,3.38296e+06,-1.1546,-1.1546,3.27305e+06,-1.11336,-1.11336,4.03622e+06,-1.27775,-1.27775,0,All,#4682B4,0
14,0,2.46427e+06,-0.389428,-0.389428,2.34618e+06,-0.413381,-0.413381,2.20456e+06,-0.286863,-0.286863,2.46427e+06,-0.297735,-0.297735,0,All,#4682B4,0
14,1,3.00486e+06,0.0655529,0.0655529,2.8987e+06,0.265102,0.265102,2.76814e+06,0.389999,0.389999,3.00486e+06,0.168701,0.168701,0,All,#4682B4,0
14,2,3.457e+06,0.594639,0.594639,3.37234e+06,0.71945,0.71945,3.26549e+06,0.82096,0.82096,3.457e+06,0.682841,0.682841,0,All,#4682B4,0
14,3,3.79865e+06,0.106743,0.106743,3.73697e+06,0.0607816,0.0607816,3.65748e+06,0.11389,0.11389,3.79865e+06,0.129682,0.129682,0,All,#4682B4,0
14,4,4.03622e+06,0.675204,0.675204,3.99502e+06,0.75726,0.75726,3.94076e+06,0.800498,0.800498,4.03622e+06,0.610862,0.610862,0,All,#4682B4,0
15,0,2.46427e+06,-0.236646,-0.236646,2.44204e+06,-0.215846,-0.215846,2.27188e+06,-0.0535361,-0.0535361,2.46427e+06,-0.103032,-0.103032,0,All,#4682B4,0
15,1,3.00486e+06,0.312643,0.312643,2.98511e+06,0.323337,0.323337,2.83034e+06,0.471328,0.471328,3.00486e+06,0.421852,0.421852,0,All,#4682B4,0
15,2,3.457e+06,0.405046,0.405046,3.44139e+06,0.390635,0.390635,3.31672e+06,0.494894,0.494894,3.457e+06,0.469236,0.469236,0,All,#4682B4,0
15,3,3.79865e+06,0.411276,0.411276,3.78731e+06,0.412275,0.412275,3.69562e+06,0.481621,0.481621,3.79865e+06,0.41669,0.41669,0,All,#4682B4,0
15,4,4.03622e+06,0.502324,0.502324,4.02856e+06,0.436773,0.436773,3.96678e+06,0.480694,0.480694,4.03622e+06,0.531921,0.531921,0,All,#4682B4,0
16,0,2.46427e+06,-0.203761,-0.203761,2.08621e+06,0.253909,0.253909,1.94185e+06,0.449948,0.449948,2.46427e+06,-0.0612046,-0.0612046,0,All,#4682B4,0
16,1,3.00486e+06,-0.0522431,-0.0522431,2.6566e+06,0.233581,0.233581,2.51447e+06,0.381484,0.381484,3.00486e+06,0.0348505,0.0348505,0,All,#4682B4,0
16,2,3.457e+06,-0.413831,-0.413831,3.17186e+06,-0.348148,-0.348148,3.04767e+06,-0.265231,-0.265231,3.457e+06,-0.417778,-0.417778,0,All,#4682B4,0
16,3,3.79865e+06,-0.213648,-0.213648,3.58666e+06,-0.145237,-0.145237,3.49077e+06,-0.0837708,-0.0837708,3.79865e+06,-0.193348,-0.193348,0,All,#4682B4,0
16,4,4.03622e+06,-0.0848816,-0.0848816,3.89102e+06,-0.176879,-0.176879,3.82103e+06,-0.136474,-0.136474,4.03622e+06,-0.0912712,-0.0912712,0,All,#4682B4,0
17,0,2.46427e+06,0.480069,0.480069,3.27516e+06,0.0321498,0.0321498,3.12642e+06,0.147051,0.147051,2.46427e+06,0.627736,0.627736,0,All,#4682B4,0
17,1,3.00486e+06,1.15652,1.15652,3.66414e+06,0.688872,0.688872,3.55159e+06,0.786214,0.786214,3.00486e+06,1.10487,1.10487,0,All,#4682B4,0
17,2,3.457e+06,1.00151,1.00151,3.94458e+06,0.587021,0.587021,3.86642e+06,0.647052,0.647052,3.457e+06,1.03976,1.03976,0,All,#4682B4,0
17,3,3.79865e+06,1.37137,1.37137,4.13284e+06,0.995998,0.995998,4.08321e+06,1.03707,1.03707,3.79865e+06,1.29834,1.29834,0,All,#4682B4,0
17,4,4.03622e+06,0.812665,0.812665,4.25328e+06,0.629728,0.629728,4.22526e+06,0.64971,0.64971,4.03622e+06,0.878891,0.878891,0,All,#4682B4,0
18,0,2.46427e+06,0.611512,0.611512,3.28202e+06,0.129341,0.129341,3.21107e+06,0.184852,0.184852,2.46427e+06,0.720464,0.720464,0,All,#4682B4,0
18,1,3.00486e+06,1.32966,1.32966,3.66925e+06,0.818754,0.818754,3.61607e+06,0.865835,0.865835,3.00486e+06,1.25497,1.25497,0,All,#4682B4,0
18,2,3.457e+06,0.812852,0.812852,3.94807e+06,0.493708,0.493708,3.9138e+06,0.518898,0.518898,3.457e+06,0.831411,0.831411,0,All,#4682B4,0
18,3,3.79865e+06,0.859521,0.859521,4.13499e+06,0.534336,0.534336,4.11364e+06,0.549475,0.549475,3.79865e+06,0.912478,0.912478,0,All,#4682B4,0
18,4,4.03622e+06,1.25514,1.25514,4.25441e+06,0.960213,0.960213,4.2433e+06,0.968961,0.968961,4.03622e+06,1.22675,1.22675,0,All,#4682B4,0
19,0,2.46427e+06,1.18097,1.18097,3.31908e+06,0.755153,0.755153,3.21034e+06,0.861439,0.861439,2.46427e+06,1.11924,1.11924,0,All,#4682B4,0
19,1,3.00486e+06,0.466147,0.466147,3.69671e+06,0.0747638,0.0747638,3.61553e+06,0.129952,0.129952,3.00486e+06,0.61262,0.61262,0,All,#4682B4,0
19,2,3.457e+06,0.872212,0.872212,3.96699e+06,0.570227,0.570227,3.91339e+06,0.610678,0.610678,3.457e+06,0.978803,0.978803,0,All,#4682B4,0
19,3,3.79865e+06,0.407226,0.407226,4.14842e+06,0.163542,0.163542,4.11336e+06,0.185247,0.185247,3.79865e+06,0.402293,0.402293,0,All,#4682B4,0
19,4,4.03622e+06,0.771192,0.771192,4.26443e+06,0.50115,0.50115,4.24305e+06,0.515683,0.515683,4.03622e+06,0.833227,0.833227,0,All,#4682B4,0
20,0,2.46427e+06,1.30171,1.30171,3.83282e+06,0.550509,0.550509,3.72974e+06,0.631583,0.631583,2.46427e+06,1.38442,1.38442,0,All,#4682B4,0
20,1,3.00486e+06,1.19391,1.19391,4.05744e+06,0.446244,0.446244,3.98806e+06,0.495463,0.495463,3.00486e+06,1.22693,1.22693,0,All,#4682B4,0
20,2,3.457e+06,1.35962,1.35962,4.20512e+06,0.786054,0.786054,4.16066e+06,0.819915,0.819915,3.457e+06,1.35203,1.35203,0,All,#4682B4,0
20,3,3.79865e+06,1.50387,1.50387,4.29692e+06,1.0232,1.0232,4.26938e+06,1.04517,1.04517,3.79865e+06,1.52992,1.52992,0,All,#4682B4,0
20,4,4.03622e+06,1.57584,1.57584,4.35298e+06,1.22372,1.22372,4.3362e+06,1.23768,1.23768,4.03622e+06,1.54674,1.54674,0,All,#4682B4,0
