rep,ID,time,prediction_iwRes,iwRes_simulated,iwRes_simulated_simBlq,censored,split,color,filter
1,1,0,2.68166e+06,-0.973669,-0.973669,0,All,#4682B4,0
2,1,0,2.53189e+06,-0.890305,-0.890305,0,All,#4682B4,0
3,1,0,1.56321e+06,0.0346336,0.0346336,0,All,#4682B4,0
4,1,0,1.56725e+06,0.0284113,0.0284113,0,All,#4682B4,0
5,1,0,1.87516e+06,-0.367542,-0.367542,0,All,#4682B4,0
6,1,0,3.93669e+06,-1.42295,-1.42295,0,All,#4682B4,0
7,1,0,2.01909e+06,-0.511208,-0.511208,0,All,#4682B4,0
8,1,0,1.54714e+06,0.0597528,0.0597528,0,All,#4682B4,0
9,1,0,1.62871e+06,-0.0625855,-0.0625855,0,All,#4682B4,0
10,1,0,1.25201e+06,0.635551,0.635551,0,All,#4682B4,0
1,1,1,3.19468e+06,-0.603235,-0.603235,0,All,#4682B4,0
2,1,1,3.06624e+06,-0.528688,-0.528688,0,All,#4682B4,0
3,1,1,2.1204e+06,0.298424,0.298424,0,All,#4682B4,0
4,1,1,2.12481e+06,0.292859,0.292859,0,All,#4682B4,0
5,1,1,2.44886e+06,-0.0612158,-0.0612158,0,All,#4682B4,0
6,1,1,4.12051e+06,-1.00311,-1.00311,0,All,#4682B4,0
7,1,1,2.5923e+06,-0.189686,-0.189686,0,All,#4682B4,0
8,1,1,2.10279e+06,0.320886,0.320886,0,All,#4682B4,0
9,1,1,2.19146e+06,0.211487,0.211487,0,All,#4682B4,0
10,1,1,1.7664e+06,0.835785,0.835785,0,All,#4682B4,0
1,1,2,2.62861e+06,-1.08823,-1.08823,0,All,#4682B4,0
2,1,2,2.65479e+06,-1.101,-1.101,0,All,#4682B4,0
3,1,2,2.59838e+06,-1.07317,-1.07317,0,All,#4682B4,0
4,1,2,2.60054e+06,-1.07426,-1.07426,0,All,#4682B4,0
5,1,2,2.694e+06,-1.11966,-1.11966,0,All,#4682B4,0
6,1,2,2.39261e+06,-0.960523,-0.960523,0,All,#4682B4,0
7,1,2,2.70404e+06,-1.12435,-1.12435,0,All,#4682B4,0
8,1,2,2.58969e+06,-1.06877,-1.06877,0,All,#4682B4,0
9,1,2,2.6295e+06,-1.08867,-1.08867,0,All,#4682B4,0
10,1,2,2.33675e+06,-0.926522,-0.926522,0,All,#4682B4,0
1,1,3,1.46842e+06,-0.357858,-0.357858,0,All,#4682B4,0
2,1,3,1.49839e+06,-0.39836,-0.39836,0,All,#4682B4,0
3,1,3,1.80156e+06,-0.732332,-0.732332,0,All,#4682B4,0
4,1,3,1.79931e+06,-0.73027,-0.73027,0,All,#4682B4,0
5,1,3,1.67807e+06,-0.610858,-0.610858,0,All,#4682B4,0
6,1,3,1.30414e+06,-0.102765,-0.102765,0,All,#4682B4,0
7,1,3,1.63046e+06,-0.559115,-0.559115,0,All,#4682B4,0
8,1,3,1.80919e+06,-0.73929,-0.73929,0,All,#4682B4,0
9,1,3,1.77345e+06,-0.706165,-0.706165,0,All,#4682B4,0
10,1,3,1.95361e+06,-0.860801,-0.860801,0,All,#4682B4,0
1,1,4,973930,-1.94875,-1.94875,0,All,#4682B4,0
2,1,4,988496,-1.95515,-1.95515,0,All,#4682B4,0
3,1,4,1.14832e+06,-2.01469,-2.01469,0,All,#4682B4,0
4,1,4,1.14712e+06,-2.01431,-2.01431,0,All,#4682B4,0
5,1,4,1.07812e+06,-1.99071,-1.99071,0,All,#4682B4,0
6,1,4,896648,-1.91133,-1.91133,0,All,#4682B4,0
7,1,4,1.05396e+06,-1.98172,-1.98172,0,All,#4682B4,0
8,1,4,1.15202e+06,-2.01587,-2.01587,0,All,#4682B4,0
9,1,4,1.1312e+06,-2.00911,-2.00911,0,All,#4682B4,0
10,1,4,1.25204e+06,-2.0452,-2.0452,0,All,#4682B4,0
1,2,0,1.71206e+06,-0.0500851,-0.0500851,0,All,#4682B4,0
2,2,0,2.68406e+06,-0.894895,-0.894895,0,All,#4682B4,0
3,2,0,2.15997e+06,-0.533846,-0.533846,0,All,#4682B4,0
4,2,0,2.81385e+06,-0.963535,-0.963535,0,All,#4682B4,0
5,2,0,3.61337e+06,-1.2776,-1.2776,0,All,#4682B4,0
6,2,0,2.53484e+06,-0.807297,-0.807297,0,All,#4682B4,0
7,2,0,1.90763e+06,-0.289246,-0.289246,0,All,#4682B4,0
8,2,0,3.49578e+06,-1.24042,-1.24042,0,All,#4682B4,0
9,2,0,4.15884e+06,-1.42257,-1.42257,0,All,#4682B4,0
10,2,0,2.55586e+06,-0.820261,-0.820261,0,All,#4682B4,0
1,2,1,2.28024e+06,0.616807,0.616807,0,All,#4682B4,0
2,2,1,3.19669e+06,-0.243181,-0.243181,0,All,#4682B4,0
3,2,1,2.7281e+06,0.124355,0.124355,0,All,#4682B4,0
4,2,1,3.3046e+06,-0.313054,-0.313054,0,All,#4682B4,0
5,2,1,3.90818e+06,-0.632727,-0.632727,0,All,#4682B4,0
6,2,1,3.0688e+06,-0.154009,-0.154009,0,All,#4682B4,0
7,2,1,2.48165e+06,0.373349,0.373349,0,All,#4682B4,0
8,2,1,3.8255e+06,-0.5949,-0.5949,0,All,#4682B4,0
9,2,1,4.24734e+06,-0.772483,-0.772483,0,All,#4682B4,0
10,2,1,3.08708e+06,-0.167206,-0.167206,0,All,#4682B4,0
1,2,2,2.65924e+06,-0.860814,-0.860814,0,All,#4682B4,0
2,2,2,2.62845e+06,-0.842982,-0.842982,0,All,#4682B4,0
3,2,2,2.70097e+06,-0.88433,-0.88433,0,All,#4682B4,0
4,2,2,2.60437e+06,-0.828745,-0.828745,0,All,#4682B4,0
5,2,2,2.44964e+06,-0.730577,-0.730577,0,All,#4682B4,0
6,2,2,2.65435e+06,-0.85801,-0.85801,0,All,#4682B4,0
7,2,2,2.6979e+06,-0.882627,-0.882627,0,All,#4682B4,0
8,2,2,2.47227e+06,-0.7457,-0.7457,0,All,#4682B4,0
9,2,2,2.35615e+06,-0.665013,-0.665013,0,All,#4682B4,0
10,2,2,2.65074e+06,-0.855934,-0.855934,0,All,#4682B4,0
1,2,3,1.73892e+06,-0.703759,-0.703759,0,All,#4682B4,0
2,2,3,1.46782e+06,-0.393624,-0.393624,0,All,#4682B4,0
3,2,3,1.58854e+06,-0.544794,-0.544794,0,All,#4682B4,0
4,2,3,1.44508e+06,-0.362317,-0.362317,0,All,#4682B4,0
5,2,3,1.33585e+06,-0.197092,-0.197092,0,All,#4682B4,0
6,2,3,1.49781e+06,-0.433453,-0.433453,0,All,#4682B4,0
7,2,3,1.66695e+06,-0.631256,-0.631256,0,All,#4682B4,0
8,2,3,1.34814e+06,-0.217011,-0.217011,0,All,#4682B4,0
9,2,3,1.28369e+06,-0.108275,-0.108275,0,All,#4682B4,0
10,2,3,1.49334e+06,-0.427608,-0.427608,0,All,#4682B4,0
1,2,4,1.11086e+06,-1.61553,-1.61553,0,All,#4682B4,0
2,2,4,973670,-1.50741,-1.50741,0,All,#4682B4,0
3,2,4,1.03168e+06,-1.55664,-1.55664,0,All,#4682B4,0
4,2,4,962870,-1.49759,-1.49759,0,All,#4682B4,0
5,2,4,911451,-1.44764,-1.44764,0,All,#4682B4,0
6,2,4,988071,-1.52017,-1.52017,0,All,#4682B4,0
7,2,4,1.07196e+06,-1.58769,-1.58769,0,All,#4682B4,0
8,2,4,916560,-1.45286,-1.45286,0,All,#4682B4,0
9,2,4,887093,-1.42196,-1.42196,0,All,#4682B4,0
10,2,4,985872,-1.51825,-1.51825,0,All,#4682B4,0
1,3,0,2.35629e+06,-0.573952,-0.573952,0,All,#4682B4,0
2,3,0,2.54326e+06,-0.706945,-0.706945,0,All,#4682B4,0
3,3,0,3.42477e+06,-1.13833,-1.13833,0,All,#4682B4,0
4,3,0,2.43908e+06,-0.635359,-0.635359,0,All,#4682B4,0
5,3,0,1.34472e+06,0.786863,0.786863,0,All,#4682B4,0
6,3,0,2.3333e+06,-0.556131,-0.556131,0,All,#4682B4,0
7,3,0,1.28472e+06,0.934897,0.934897,0,All,#4682B4,0
8,3,0,1.84868e+06,-0.0772389,-0.0772389,0,All,#4682B4,0
9,3,0,3.01752e+06,-0.970357,-0.970357,0,All,#4682B4,0
10,3,0,2.85499e+06,-0.889941,-0.889941,0,All,#4682B4,0
1,3,1,2.91012e+06,-0.844411,-0.844411,0,All,#4682B4,0
2,3,1,3.07614e+06,-0.927445,-0.927445,0,All,#4682B4,0
3,3,1,3.77461e+06,-1.19677,-1.19677,0,All,#4682B4,0
4,3,1,2.98449e+06,-0.88275,-0.88275,0,All,#4682B4,0
5,3,1,1.8748e+06,0.00521162,0.00521162,0,All,#4682B4,0
6,3,1,2.88923e+06,-0.833284,-0.833284,0,All,#4682B4,0
7,3,1,1.80494e+06,0.0976364,0.0976364,0,All,#4682B4,0
8,3,1,2.42193e+06,-0.534289,-0.534289,0,All,#4682B4,0
9,3,1,3.468e+06,-1.09191,-1.09191,0,All,#4682B4,0
10,3,1,3.33818e+06,-1.0417,-1.0417,0,All,#4682B4,0
1,3,2,2.68225e+06,-1.46449,-1.46449,0,All,#4682B4,0
2,3,2,2.65288e+06,-1.45432,-1.45432,0,All,#4682B4,0
3,3,2,2.48501e+06,-1.39159,-1.39159,0,All,#4682B4,0
4,3,2,2.67106e+06,-1.46064,-1.46064,0,All,#4682B4,0
5,3,2,2.43763e+06,-1.37232,-1.37232,0,All,#4682B4,0
6,3,2,2.68509e+06,-1.46546,-1.46546,0,All,#4682B4,0
7,3,2,2.375e+06,-1.34567,-1.34567,0,All,#4682B4,0
8,3,2,2.69041e+06,-1.46728,-1.46728,0,All,#4682B4,0
9,3,2,2.56538e+06,-1.42265,-1.42265,0,All,#4682B4,0
10,3,2,2.59743e+06,-1.4345,-1.4345,0,All,#4682B4,0
1,3,3,1.53827e+06,-1.18293,-1.18293,0,All,#4682B4,0
2,3,3,1.49594e+06,-1.14897,-1.14897,0,All,#4682B4,0
3,3,3,1.35721e+06,-1.02284,-1.02284,0,All,#4682B4,0
4,3,3,1.51929e+06,-1.16793,-1.16793,0,All,#4682B4,0
5,3,3,1.90496e+06,-1.41391,-1.41391,0,All,#4682B4,0
6,3,3,1.54386e+06,-1.18727,-1.18727,0,All,#4682B4,0
7,3,3,1.93637e+06,-1.42964,-1.42964,0,All,#4682B4,0
8,3,3,1.68778e+06,-1.28923,-1.28923,0,All,#4682B4,0
9,3,3,1.41223e+06,-1.07583,-1.07583,0,All,#4682B4,0
10,3,3,1.43824e+06,-1.09946,-1.09946,0,All,#4682B4,0
1,3,4,1.00769e+06,-1.75013,-1.75013,0,All,#4682B4,0
2,3,4,987449,-1.73716,-1.73716,0,All,#4682B4,0
3,3,4,921834,-1.6912,-1.6912,0,All,#4682B4,0
4,3,4,998117,-1.74406,-1.74406,0,All,#4682B4,0
5,3,4,1.21623e+06,-1.85864,-1.85864,0,All,#4682B4,0
6,3,4,1.01087e+06,-1.75213,-1.75213,0,All,#4682B4,0
7,3,4,1.23856e+06,-1.86809,-1.86809,0,All,#4682B4,0
8,3,4,1.08392e+06,-1.79464,-1.79464,0,All,#4682B4,0
9,3,4,947564,-1.70998,-1.70998,0,All,#4682B4,0
10,3,4,959184,-1.71813,-1.71813,0,All,#4682B4,0
1,4,0,2.27284e+06,-0.342142,-0.342142,0,All,#4682B4,0
2,4,0,3.31779e+06,-0.984896,-0.984896,0,All,#4682B4,0
3,4,0,2.38965e+06,-0.441899,-0.441899,0,All,#4682B4,0
4,4,0,2.48712e+06,-0.517969,-0.517969,0,All,#4682B4,0
5,4,0,1.96453e+06,-0.0218671,-0.0218671,0,All,#4682B4,0
6,4,0,2.03457e+06,-0.10314,-0.10314,0,All,#4682B4,0
7,4,0,1.8553e+06,0.117142,0.117142,0,All,#4682B4,0
8,4,0,3.03967e+06,-0.856979,-0.856979,0,All,#4682B4,0
9,4,0,2.29654e+06,-0.363203,-0.363203,0,All,#4682B4,0
10,4,0,1.67432e+06,0.387383,0.387383,0,All,#4682B4,0
1,4,1,2.83374e+06,0.0498326,0.0498326,0,All,#4682B4,0
2,4,1,3.69653e+06,-0.517988,-0.517988,0,All,#4682B4,0
3,4,1,2.94025e+06,-0.0382949,-0.0382949,0,All,#4682B4,0
4,4,1,3.02702e+06,-0.105503,-0.105503,0,All,#4682B4,0
5,4,1,2.53851e+06,0.33277,0.33277,0,All,#4682B4,0
6,4,1,2.60744e+06,0.260972,0.260972,0,All,#4682B4,0
7,4,1,2.42868e+06,0.455574,0.455574,0,All,#4682B4,0
8,4,1,3.48535e+06,-0.404986,-0.404986,0,All,#4682B4,0
9,4,1,2.85558e+06,0.0312264,0.0312264,0,All,#4682B4,0
10,4,1,2.24026e+06,0.694311,0.694311,0,All,#4682B4,0
1,4,2,2.69137e+06,0.368077,0.368077,0,All,#4682B4,0
2,4,2,2.50759e+06,0.569702,0.569702,0,All,#4682B4,0
3,4,2,2.67786e+06,0.381955,0.381955,0,All,#4682B4,0
4,4,2,2.66308e+06,0.397306,0.397306,0,All,#4682B4,0
5,4,2,2.70226e+06,0.356993,0.356993,0,All,#4682B4,0
6,4,2,2.7045e+06,0.354727,0.354727,0,All,#4682B4,0
7,4,2,2.69146e+06,0.367983,0.367983,0,All,#4682B4,0
8,4,2,2.56229e+06,0.50666,0.50666,0,All,#4682B4,0
9,4,2,2.68903e+06,0.370468,0.370468,0,All,#4682B4,0
10,4,2,2.64705e+06,0.414137,0.414137,0,All,#4682B4,0
1,4,3,1.55844e+06,-1.33629,-1.33629,0,All,#4682B4,0
2,4,3,1.36932e+06,-1.19173,-1.19173,0,All,#4682B4,0
3,4,3,1.52998e+06,-1.31682,-1.31682,0,All,#4682B4,0
4,4,3,1.508e+06,-1.30128,-1.30128,0,All,#4682B4,0
5,4,3,1.64765e+06,-1.39295,-1.39295,0,All,#4682B4,0
6,4,3,1.6258e+06,-1.37965,-1.37965,0,All,#4682B4,0
7,4,3,1.68511e+06,-1.41496,-1.41496,0,All,#4682B4,0
8,4,3,1.40892e+06,-1.22521,-1.22521,0,All,#4682B4,0
9,4,3,1.55298e+06,-1.33261,-1.33261,0,All,#4682B4,0
10,4,3,1.7545e+06,-1.45325,-1.45325,0,All,#4682B4,0
1,4,4,1.01773e+06,-1.94105,-1.94105,0,All,#4682B4,0
2,4,4,927050,-1.89783,-1.89783,0,All,#4682B4,0
3,4,4,1.0033e+06,-1.9347,-1.9347,0,All,#4682B4,0
4,4,4,992216,-1.92969,-1.92969,0,All,#4682B4,0
5,4,4,1.063e+06,-1.95987,-1.95987,0,All,#4682B4,0
6,4,4,1.05078e+06,-1.95495,-1.95495,0,All,#4682B4,0
7,4,4,1.08192e+06,-1.96727,-1.96727,0,All,#4682B4,0
8,4,4,945028,-1.90706,-1.90706,0,All,#4682B4,0
9,4,4,1.01507e+06,-1.9399,-1.9399,0,All,#4682B4,0
10,4,4,1.11997e+06,-1.98139,-1.98139,0,All,#4682B4,0
1,5,0,3.44285e+06,-0.310381,-0.310381,0,All,#4682B4,0
2,5,0,3.55306e+06,-0.374667,-0.374667,0,All,#4682B4,0
3,5,0,3.24042e+06,-0.180906,-0.180906,0,All,#4682B4,0
4,5,0,2.81087e+06,0.155601,0.155601,0,All,#4682B4,0
5,5,0,3.09491e+06,-0.0773816,-0.0773816,0,All,#4682B4,0
6,5,0,3.18915e+06,-0.145509,-0.145509,0,All,#4682B4,0
7,5,0,3.20571e+06,-0.157066,-0.157066,0,All,#4682B4,0
8,5,0,4.26797e+06,-0.711063,-0.711063,0,All,#4682B4,0
9,5,0,3.19092e+06,-0.146751,-0.146751,0,All,#4682B4,0
10,5,0,4.15526e+06,-0.665716,-0.665716,0,All,#4682B4,0
1,5,1,3.78764e+06,-0.0524408,-0.0524408,0,All,#4682B4,0
2,5,1,3.86603e+06,-0.099697,-0.099697,0,All,#4682B4,0
3,5,1,3.63899e+06,0.0427558,0.0427558,0,All,#4682B4,0
4,5,1,3.30216e+06,0.290189,0.290189,0,All,#4682B4,0
5,5,1,3.52827e+06,0.118876,0.118876,0,All,#4682B4,0
6,5,1,3.60036e+06,0.0687823,0.0687823,0,All,#4682B4,0
7,5,1,3.61289e+06,0.0602845,0.0602845,0,All,#4682B4,0
8,5,1,4.3042e+06,-0.332129,-0.332129,0,All,#4682B4,0
9,5,1,3.60171e+06,0.0678684,0.0678684,0,All,#4682B4,0
10,5,1,4.24541e+06,-0.303733,-0.303733,0,All,#4682B4,0
1,5,2,2.48263e+06,-1.40145,-1.40145,0,All,#4682B4,0
2,5,2,2.46063e+06,-1.39268,-1.39268,0,All,#4682B4,0
3,5,2,2.52093e+06,-1.41637,-1.41637,0,All,#4682B4,0
4,5,2,2.60532e+06,-1.44767,-1.44767,0,All,#4682B4,0
5,5,2,2.54981e+06,-1.42731,-1.42731,0,All,#4682B4,0
6,5,2,2.53286e+06,-1.42092,-1.42092,0,All,#4682B4,0
7,5,2,2.52823e+06,-1.41915,-1.41915,0,All,#4682B4,0
8,5,2,2.33783e+06,-1.34066,-1.34066,0,All,#4682B4,0
9,5,2,2.53155e+06,-1.42042,-1.42042,0,All,#4682B4,0
10,5,2,2.35595e+06,-1.34868,-1.34868,0,All,#4682B4,0
1,5,3,1.35559e+06,-0.823137,-0.823137,0,All,#4682B4,0
2,5,3,1.34237e+06,-0.807779,-0.807779,0,All,#4682B4,0
3,5,3,1.381e+06,-0.851835,-0.851835,0,All,#4682B4,0
4,5,3,1.44557e+06,-0.920229,-0.920229,0,All,#4682B4,0
5,5,3,1.4007e+06,-0.873374,-0.873374,0,All,#4682B4,0
6,5,3,1.38626e+06,-0.857645,-0.857645,0,All,#4682B4,0
7,5,3,1.38525e+06,-0.856539,-0.856539,0,All,#4682B4,0
8,5,3,1.27602e+06,-0.725877,-0.725877,0,All,#4682B4,0
9,5,3,1.38666e+06,-0.858089,-0.858089,0,All,#4682B4,0
10,5,3,1.28462e+06,-0.736964,-0.736964,0,All,#4682B4,0
1,5,4,920943,-0.640932,-0.640932,0,All,#4682B4,0
2,5,4,914571,-0.628796,-0.628796,0,All,#4682B4,0
3,5,4,932842,-0.663153,-0.663153,0,All,#4682B4,0
4,5,4,963969,-0.718685,-0.718685,0,All,#4682B4,0
5,5,4,941869,-0.679635,-0.679635,0,All,#4682B4,0
6,5,4,933928,-0.665152,-0.665152,0,All,#4682B4,0
7,5,4,934343,-0.665916,-0.665916,0,All,#4682B4,0
8,5,4,883680,-0.567475,-0.567475,0,All,#4682B4,0
9,5,4,934397,-0.666015,-0.666015,0,All,#4682B4,0
10,5,4,887878,-0.57606,-0.57606,0,All,#4682B4,0
1,6,0,3.85787e+06,-0.178383,-0.178383,0,All,#4682B4,0
2,6,0,3.07447e+06,0.38335,0.38335,0,All,#4682B4,0
3,6,0,2.60618e+06,0.880407,0.880407,0,All,#4682B4,0
4,6,0,3.94369e+06,-0.226357,-0.226357,0,All,#4682B4,0
5,6,0,2.4643e+06,1.0683,1.0683,0,All,#4682B4,0
6,6,0,2.70119e+06,0.765622,0.765622,0,All,#4682B4,0
7,6,0,2.20241e+06,1.47869,1.47869,0,All,#4682B4,0
8,6,0,3.07657e+06,0.381466,0.381466,0,All,#4682B4,0
9,6,0,3.45258e+06,0.0804031,0.0804031,0,All,#4682B4,0
10,6,0,2.69918e+06,0.767966,0.767966,0,All,#4682B4,0
1,6,1,4.07173e+06,-0.478816,-0.478816,0,All,#4682B4,0
2,6,1,3.51245e+06,-0.175627,-0.175627,0,All,#4682B4,0
3,6,1,3.13047e+06,0.0937035,0.0937035,0,All,#4682B4,0
4,6,1,4.12454e+06,-0.503197,-0.503197,0,All,#4682B4,0
5,6,1,3.00687e+06,0.195513,0.195513,0,All,#4682B4,0
6,6,1,3.21112e+06,0.0315069,0.0315069,0,All,#4682B4,0
7,6,1,2.76814e+06,0.417881,0.417881,0,All,#4682B4,0
8,6,1,3.51407e+06,-0.176648,-0.176648,0,All,#4682B4,0
9,6,1,3.79463e+06,-0.339771,-0.339771,0,All,#4682B4,0
10,6,1,3.20943e+06,0.0327769,0.0327769,0,All,#4682B4,0
1,6,2,2.40622e+06,0.448599,0.448599,0,All,#4682B4,0
2,6,2,2.55441e+06,0.28433,0.28433,0,All,#4682B4,0
3,6,2,2.64216e+06,0.195748,0.195748,0,All,#4682B4,0
4,6,2,2.38989e+06,0.467942,0.467942,0,All,#4682B4,0
5,6,2,2.66736e+06,0.17138,0.17138,0,All,#4682B4,0
6,6,2,2.62678e+06,0.210846,0.210846,0,All,#4682B4,0
7,6,2,2.6976e+06,0.14275,0.14275,0,All,#4682B4,0
8,6,2,2.55359e+06,0.285185,0.285185,0,All,#4682B4,0
9,6,2,2.47989e+06,0.364478,0.364478,0,All,#4682B4,0
10,6,2,2.62707e+06,0.210555,0.210555,0,All,#4682B4,0
1,6,3,1.31057e+06,0.316287,0.316287,0,All,#4682B4,0
2,6,3,1.40319e+06,0.138117,0.138117,0,All,#4682B4,0
3,6,3,1.48306e+06,0.00235391,0.00235391,0,All,#4682B4,0
4,6,3,1.3032e+06,0.331546,0.331546,0,All,#4682B4,0
5,6,3,1.5136e+06,-0.0457839,-0.0457839,0,All,#4682B4,0
6,6,3,1.46539e+06,0.0311119,0.0311119,0,All,#4682B4,0
7,6,3,1.57688e+06,-0.139573,-0.139573,0,All,#4682B4,0
8,6,3,1.4034e+06,0.137752,0.137752,0,All,#4682B4,0
9,6,3,1.35411e+06,0.229507,0.229507,0,All,#4682B4,0
10,6,3,1.46596e+06,0.0301751,0.0301751,0,All,#4682B4,0
1,6,4,899785,0.0565313,0.0565313,0,All,#4682B4,0
2,6,4,942132,-0.0531182,-0.0531182,0,All,#4682B4,0
3,6,4,981245,-0.145986,-0.145986,0,All,#4682B4,0
4,6,4,896494,0.0654875,0.0654875,0,All,#4682B4,0
5,6,4,995694,-0.178447,-0.178447,0,All,#4682B4,0
6,6,4,971836,-0.124328,-0.124328,0,All,#4682B4,0
7,6,4,1.02677e+06,-0.245163,-0.245163,0,All,#4682B4,0
8,6,4,943378,-0.0561937,-0.0561937,0,All,#4682B4,0
9,6,4,919997,0.00293695,0.00293695,0,All,#4682B4,0
10,6,4,972852,-0.126687,-0.126687,0,All,#4682B4,0
1,7,0,2.81599e+06,0.761229,0.761229,0,All,#4682B4,0
2,7,0,3.08484e+06,0.487201,0.487201,0,All,#4682B4,0
3,7,0,2.01271e+06,2.01606,2.01606,0,All,#4682B4,0
4,7,0,2.66672e+06,0.937219,0.937219,0,All,#4682B4,0
5,7,0,2.26062e+06,1.53365,1.53365,0,All,#4682B4,0
6,7,0,2.66649e+06,0.937511,0.937511,0,All,#4682B4,0
7,7,0,3.18912e+06,0.393359,0.393359,0,All,#4682B4,0
8,7,0,3.00269e+06,0.565726,0.565726,0,All,#4682B4,0
9,7,0,2.86787e+06,0.704348,0.704348,0,All,#4682B4,0
10,7,0,2.45875e+06,1.21806,1.21806,0,All,#4682B4,0
1,7,1,3.30635e+06,1.59426,1.59426,0,All,#4682B4,0
2,7,1,3.52049e+06,1.35234,1.35234,0,All,#4682B4,0
3,7,1,2.58606e+06,2.70202,2.70202,0,All,#4682B4,0
4,7,1,3.18205e+06,1.74962,1.74962,0,All,#4682B4,0
5,7,1,2.82244e+06,2.27616,2.27616,0,All,#4682B4,0
6,7,1,3.18185e+06,1.74988,1.74988,0,All,#4682B4,0
7,7,1,3.60034e+06,1.2695,1.2695,0,All,#4682B4,0
8,7,1,3.45634e+06,1.42167,1.42167,0,All,#4682B4,0
9,7,1,3.34863e+06,1.54404,1.54404,0,All,#4682B4,0
10,7,1,3.00195e+06,1.99755,1.99755,0,All,#4682B4,0
1,7,2,2.60432e+06,0.697159,0.697159,0,All,#4682B4,0
2,7,2,2.55189e+06,0.76044,0.76044,0,All,#4682B4,0
3,7,2,2.70345e+06,0.584225,0.584225,0,All,#4682B4,0
4,7,2,2.63124e+06,0.665648,0.665648,0,All,#4682B4,0
5,7,2,2.69251e+06,0.596273,0.596273,0,All,#4682B4,0
6,7,2,2.63135e+06,0.665525,0.665525,0,All,#4682B4,0
7,7,2,2.53306e+06,0.783808,0.783808,0,All,#4682B4,0
8,7,2,2.56687e+06,0.742103,0.742103,0,All,#4682B4,0
9,7,2,2.59664e+06,0.706271,0.706271,0,All,#4682B4,0
10,7,2,2.6684e+06,0.623191,0.623191,0,All,#4682B4,0
1,7,3,1.44447e+06,2.09222,2.09222,0,All,#4682B4,0
2,7,3,1.40135e+06,2.22992,2.22992,0,All,#4682B4,0
3,7,3,1.63128e+06,1.57972,1.57972,0,All,#4682B4,0
4,7,3,1.47105e+06,2.01136,2.01136,0,All,#4682B4,0
5,7,3,1.56227e+06,1.75478,1.75478,0,All,#4682B4,0
6,7,3,1.47152e+06,2.00995,2.00995,0,All,#4682B4,0
7,7,3,1.38685e+06,2.27816,2.27816,0,All,#4682B4,0
8,7,3,1.41392e+06,2.1889,2.1889,0,All,#4682B4,0
9,7,3,1.43537e+06,2.12059,2.12059,0,All,#4682B4,0
10,7,3,1.51486e+06,1.88427,1.88427,0,All,#4682B4,0
1,7,4,962480,2.74314,2.74314,0,All,#4682B4,0
2,7,4,941575,2.85695,2.85695,0,All,#4682B4,0
3,7,4,1.05476e+06,2.29469,2.29469,0,All,#4682B4,0
4,7,4,975456,2.67495,2.67495,0,All,#4682B4,0
5,7,4,1.01868e+06,2.46034,2.46034,0,All,#4682B4,0
6,7,4,975544,2.6745,2.6745,0,All,#4682B4,0
7,7,4,934942,2.89413,2.89413,0,All,#4682B4,0
8,7,4,948349,2.81952,2.81952,0,All,#4682B4,0
9,7,4,957934,2.76747,2.76747,0,All,#4682B4,0
10,7,4,996221,2.56953,2.56953,0,All,#4682B4,0
1,8,0,2.63074e+06,1.06427,1.06427,0,All,#4682B4,0
2,8,0,2.5168e+06,1.22034,1.22034,0,All,#4682B4,0
3,8,0,2.59389e+06,1.11326,1.11326,0,All,#4682B4,0
4,8,0,3.47303e+06,0.22825,0.22825,0,All,#4682B4,0
5,8,0,2.58393e+06,1.12673,1.12673,0,All,#4682B4,0
6,8,0,3.16358e+06,0.483669,0.483669,0,All,#4682B4,0
7,8,0,3.56409e+06,0.161539,0.161539,0,All,#4682B4,0
8,8,0,2.83175e+06,0.819586,0.819586,0,All,#4682B4,0
9,8,0,3.31115e+06,0.355907,0.355907,0,All,#4682B4,0
10,8,0,2.83983e+06,0.810466,0.810466,0,All,#4682B4,0
1,8,1,3.15148e+06,1.15071,1.15071,0,All,#4682B4,0
2,8,1,3.05306e+06,1.26463,1.26463,0,All,#4682B4,0
3,8,1,3.11991e+06,1.18646,1.18646,0,All,#4682B4,0
4,8,1,3.80928e+06,0.540507,0.540507,0,All,#4682B4,0
5,8,1,3.11134e+06,1.19629,1.19629,0,All,#4682B4,0
6,8,1,3.58094e+06,0.726924,0.726924,0,All,#4682B4,0
7,8,1,3.87378e+06,0.491833,0.491833,0,All,#4682B4,0
8,8,1,3.31924e+06,0.97211,0.97211,0,All,#4682B4,0
9,8,1,3.69163e+06,0.633673,0.633673,0,All,#4682B4,0
10,8,1,3.32584e+06,0.965453,0.965453,0,All,#4682B4,0
1,8,2,2.6387e+06,1.16581,1.16581,0,All,#4682B4,0
2,8,2,2.65783e+06,1.14027,1.14027,0,All,#4682B4,0
3,8,2,2.64541e+06,1.15681,1.15681,0,All,#4682B4,0
4,8,2,2.47604e+06,1.39895,1.39895,0,All,#4682B4,0
5,8,2,2.64521e+06,1.15708,1.15708,0,All,#4682B4,0
6,8,2,2.53649e+06,1.30881,1.30881,0,All,#4682B4,0
7,8,2,2.45891e+06,1.42529,1.42529,0,All,#4682B4,0
8,8,2,2.60318e+06,1.21423,1.21423,0,All,#4682B4,0
9,8,2,2.50748e+06,1.35152,1.35152,0,All,#4682B4,0
10,8,2,2.60024e+06,1.2183,1.2183,0,All,#4682B4,0
1,8,3,1.47813e+06,0.246455,0.246455,0,All,#4682B4,0
2,8,3,1.50172e+06,0.205146,0.205146,0,All,#4682B4,0
3,8,3,1.48489e+06,0.234476,0.234476,0,All,#4682B4,0
4,8,3,1.35066e+06,0.494599,0.494599,0,All,#4682B4,0
5,8,3,1.48762e+06,0.229682,0.229682,0,All,#4682B4,0
6,8,3,1.39094e+06,0.411265,0.411265,0,All,#4682B4,0
7,8,3,1.34164e+06,0.513947,0.513947,0,All,#4682B4,0
8,8,3,1.44188e+06,0.312555,0.312555,0,All,#4682B4,0
9,8,3,1.37149e+06,0.450893,0.450893,0,All,#4682B4,0
10,8,3,1.44056e+06,0.315023,0.315023,0,All,#4682B4,0
1,8,4,977629,0.576375,0.576375,0,All,#4682B4,0
2,8,4,989316,0.541418,0.541418,0,All,#4682B4,0
3,8,4,980585,0.567456,0.567456,0,All,#4682B4,0
4,8,4,917504,0.770304,0.770304,0,All,#4682B4,0
5,8,4,983568,0.558508,0.558508,0,All,#4682B4,0
6,8,4,937244,0.703889,0.703889,0,All,#4682B4,0
7,8,4,914255,0.78151,0.78151,0,All,#4682B4,0
8,8,4,960336,0.629665,0.629665,0,All,#4682B4,0
9,8,4,927702,0.735641,0.735641,0,All,#4682B4,0
10,8,4,960923,0.627825,0.627825,0,All,#4682B4,0
1,9,0,2.80283e+06,1.32204,1.32204,0,All,#4682B4,0
2,9,0,2.83088e+06,1.28532,1.28532,0,All,#4682B4,0
3,9,0,2.38915e+06,1.96356,1.96356,0,All,#4682B4,0
4,9,0,3.01849e+06,1.05733,1.05733,0,All,#4682B4,0
5,9,0,2.32398e+06,2.08544,2.08544,0,All,#4682B4,0
6,9,0,2.40633e+06,1.93252,1.93252,0,All,#4682B4,0
7,9,0,2.87365e+06,1.23073,1.23073,0,All,#4682B4,0
8,9,0,2.69235e+06,1.47407,1.47407,0,All,#4682B4,0
9,9,0,2.62782e+06,1.56878,1.56878,0,All,#4682B4,0
10,9,0,2.53453e+06,1.71423,1.71423,0,All,#4682B4,0
1,9,1,3.2948e+06,1.38002,1.38002,0,All,#4682B4,0
2,9,1,3.31854e+06,1.3531,1.3531,0,All,#4682B4,0
3,9,1,2.93981e+06,1.83441,1.83441,0,All,#4682B4,0
4,9,1,3.46876e+06,1.19131,1.19131,0,All,#4682B4,0
5,9,1,2.88072e+06,1.92092,1.92092,0,All,#4682B4,0
6,9,1,2.95523e+06,1.8124,1.8124,0,All,#4682B4,0
7,9,1,3.35331e+06,1.31436,1.31436,0,All,#4682B4,0
8,9,1,3.20368e+06,1.48705,1.48705,0,All,#4682B4,0
9,9,1,3.14899e+06,1.55426,1.55426,0,All,#4682B4,0
10,9,1,3.06854e+06,1.65748,1.65748,0,All,#4682B4,0
1,9,2,2.60361e+06,1.25489,1.25489,0,All,#4682B4,0
2,9,2,2.60198e+06,1.25717,1.25717,0,All,#4682B4,0
3,9,2,2.67656e+06,1.15574,1.15574,0,All,#4682B4,0
4,9,2,2.56553e+06,1.30889,1.30889,0,All,#4682B4,0
5,9,2,2.68675e+06,1.14233,1.14233,0,All,#4682B4,0
6,9,2,2.67547e+06,1.15718,1.15718,0,All,#4682B4,0
7,9,2,2.59442e+06,1.26777,1.26777,0,All,#4682B4,0
8,9,2,2.62949e+06,1.21909,1.21909,0,All,#4682B4,0
9,9,2,2.6392e+06,1.20584,1.20584,0,All,#4682B4,0
10,9,2,2.65416e+06,1.18561,1.18561,0,All,#4682B4,0
1,9,3,1.4464e+06,2.16051,2.16051,0,All,#4682B4,0
2,9,3,1.44202e+06,2.17431,2.17431,0,All,#4682B4,0
3,9,3,1.52974e+06,1.91297,1.91297,0,All,#4682B4,0
4,9,3,1.41238e+06,2.26993,2.26993,0,All,#4682B4,0
5,9,3,1.5464e+06,1.8667,1.8667,0,All,#4682B4,0
6,9,3,1.5262e+06,1.92293,1.92293,0,All,#4682B4,0
7,9,3,1.4353e+06,2.19563,2.19563,0,All,#4682B4,0
8,9,3,1.46672e+06,2.09754,2.09754,0,All,#4682B4,0
9,9,3,1.4788e+06,2.06095,2.06095,0,All,#4682B4,0
10,9,3,1.49783e+06,2.00451,2.00451,0,All,#4682B4,0
1,9,4,963657,3.0991,3.0991,0,All,#4682B4,0
2,9,4,961337,3.11233,3.11233,0,All,#4682B4,0
3,9,4,1.00378e+06,2.87997,2.87997,0,All,#4682B4,0
4,9,4,948183,3.18856,3.18856,0,All,#4682B4,0
5,9,4,1.01188e+06,2.83784,2.83784,0,All,#4682B4,0
6,9,4,1.00149e+06,2.89201,2.89201,0,All,#4682B4,0
7,9,4,958368,3.12935,3.12935,0,All,#4682B4,0
8,9,4,971842,3.05293,3.05293,0,All,#4682B4,0
9,9,4,978849,3.01402,3.01402,0,All,#4682B4,0
10,9,4,988238,2.96274,2.96274,0,All,#4682B4,0
1,10,0,2.8864e+06,1.27988,1.27988,0,All,#4682B4,0
2,10,0,3.08131e+06,1.04819,1.04819,0,All,#4682B4,0
3,10,0,3.26946e+06,0.850737,0.850737,0,All,#4682B4,0
4,10,0,2.56058e+06,1.74596,1.74596,0,All,#4682B4,0
5,10,0,3.37093e+06,0.753399,0.753399,0,All,#4682B4,0
6,10,0,4.00845e+06,0.254583,0.254583,0,All,#4682B4,0
7,10,0,4.66272e+06,-0.11551,-0.11551,0,All,#4682B4,0
8,10,0,3.27475e+06,0.845515,0.845515,0,All,#4682B4,0
9,10,0,4.16567e+06,0.155038,0.155038,0,All,#4682B4,0
10,10,0,2.7345e+06,1.48335,1.48335,0,All,#4682B4,0
1,10,1,3.36362e+06,0.0258136,0.0258136,0,All,#4682B4,0
2,10,1,3.51775e+06,-0.0797273,-0.0797273,0,All,#4682B4,0
3,10,1,3.6607e+06,-0.169666,-0.169666,0,All,#4682B4,0
4,10,1,3.09117e+06,0.238118,0.238118,0,All,#4682B4,0
5,10,1,3.73553e+06,-0.214002,-0.214002,0,All,#4682B4,0
6,10,1,4.16306e+06,-0.436743,-0.436743,0,All,#4682B4,0
7,10,1,4.48315e+06,-0.5757,-0.5757,0,All,#4682B4,0
8,10,1,3.66464e+06,-0.172045,-0.172045,0,All,#4682B4,0
9,10,1,4.251e+06,-0.477005,-0.477005,0,All,#4682B4,0
10,10,1,3.23899e+06,0.118494,0.118494,0,All,#4682B4,0
1,10,2,2.59105e+06,0.847647,0.847647,0,All,#4682B4,0
2,10,2,2.55273e+06,0.896151,0.896151,0,All,#4682B4,0
3,10,2,2.51526e+06,0.944994,0.944994,0,All,#4682B4,0
4,10,2,2.65057e+06,0.775112,0.775112,0,All,#4682B4,0
5,10,2,2.49567e+06,0.971112,0.971112,0,All,#4682B4,0
6,10,2,2.38032e+06,1.13366,1.13366,0,All,#4682B4,0
7,10,2,2.27975e+06,1.28879,1.28879,0,All,#4682B4,0
8,10,2,2.51469e+06,0.945751,0.945751,0,All,#4682B4,0
9,10,2,2.3543e+06,1.17253,1.17253,0,All,#4682B4,0
10,10,2,2.61951e+06,0.812554,0.812554,0,All,#4682B4,0
1,10,3,1.43295e+06,-0.401426,-0.401426,0,All,#4682B4,0
2,10,3,1.40288e+06,-0.358943,-0.358943,0,All,#4682B4,0
3,10,3,1.37639e+06,-0.319995,-0.319995,0,All,#4682B4,0
4,10,3,1.49207e+06,-0.47993,-0.47993,0,All,#4682B4,0
5,10,3,1.36343e+06,-0.300387,-0.300387,0,All,#4682B4,0
6,10,3,1.29725e+06,-0.194138,-0.194138,0,All,#4682B4,0
7,10,3,1.2479e+06,-0.107582,-0.107582,0,All,#4682B4,0
8,10,3,1.37637e+06,-0.319963,-0.319963,0,All,#4682B4,0
9,10,3,1.28416e+06,-0.171826,-0.171826,0,All,#4682B4,0
10,10,3,1.45885e+06,-0.436599,-0.436599,0,All,#4682B4,0
1,10,4,957239,0.89186,0.89186,0,All,#4682B4,0
2,10,4,943180,0.940675,0.940675,0,All,#4682B4,0
3,10,4,930428,0.986229,0.986229,0,All,#4682B4,0
4,10,4,984127,0.802389,0.802389,0,All,#4682B4,0
5,10,4,924225,1.00884,1.00884,0,All,#4682B4,0
6,10,4,893673,1.12479,1.12479,0,All,#4682B4,0
7,10,4,870813,1.21688,1.21688,0,All,#4682B4,0
8,10,4,930481,0.986036,0.986036,0,All,#4682B4,0
9,10,4,887594,1.14882,1.14882,0,All,#4682B4,0
10,10,4,969489,0.850483,0.850483,0,All,#4682B4,0
1,11,0,1.43921e+06,-0.353637,-0.353637,0,All,#4682B4,0
2,11,0,890474,0.896869,0.896869,0,All,#4682B4,0
3,11,0,966751,0.638091,0.638091,0,All,#4682B4,0
4,11,0,1.25746e+06,-0.0603393,-0.0603393,0,All,#4682B4,0
5,11,0,2.10888e+06,-0.998041,-0.998041,0,All,#4682B4,0
6,11,0,948167,0.697302,0.697302,0,All,#4682B4,0
7,11,0,939404,0.726035,0.726035,0,All,#4682B4,0
8,11,0,1.84694e+06,-0.801627,-0.801627,0,All,#4682B4,0
9,11,0,1.07132e+06,0.343217,0.343217,0,All,#4682B4,0
10,11,0,1.33954e+06,-0.202652,-0.202652,0,All,#4682B4,0
1,11,1,1.98243e+06,-0.237689,-0.237689,0,All,#4682B4,0
2,11,1,1.31697e+06,0.846295,0.846295,0,All,#4682B4,0
3,11,1,1.41561e+06,0.621284,0.621284,0,All,#4682B4,0
4,11,1,1.77266e+06,0.0161823,0.0161823,0,All,#4682B4,0
5,11,1,2.67678e+06,-0.794159,-0.794159,0,All,#4682B4,0
6,11,1,1.39181e+06,0.672664,0.672664,0,All,#4682B4,0
7,11,1,1.38054e+06,0.697611,0.697611,0,All,#4682B4,0
8,11,1,2.41916e+06,-0.624969,-0.624969,0,All,#4682B4,0
9,11,1,1.54725e+06,0.365683,0.365683,0,All,#4682B4,0
10,11,1,1.86859e+06,-0.106989,-0.106989,0,All,#4682B4,0
1,11,2,2.55612e+06,-0.259276,-0.259276,0,All,#4682B4,0
2,11,2,1.84097e+06,0.565689,0.565689,0,All,#4682B4,0
3,11,2,1.95387e+06,0.395309,0.395309,0,All,#4682B4,0
4,11,2,2.34324e+06,-0.0663422,-0.0663422,0,All,#4682B4,0
5,11,2,3.18923e+06,-0.680855,-0.680855,0,All,#4682B4,0
6,11,2,1.92657e+06,0.434672,0.434672,0,All,#4682B4,0
7,11,2,1.91351e+06,0.453905,0.453905,0,All,#4682B4,0
8,11,2,2.9652e+06,-0.552259,-0.552259,0,All,#4682B4,0
9,11,2,2.10037e+06,0.201533,0.201533,0,All,#4682B4,0
10,11,2,2.44193e+06,-0.159972,-0.159972,0,All,#4682B4,0
1,11,3,3.08866e+06,-0.72293,-0.72293,0,All,#4682B4,0
2,11,3,2.41138e+06,-0.25669,-0.25669,0,All,#4682B4,0
3,11,3,2.52169e+06,-0.349698,-0.349698,0,All,#4682B4,0
4,11,3,2.89851e+06,-0.614033,-0.614033,0,All,#4682B4,0
5,11,3,3.60068e+06,-0.958983,-0.958983,0,All,#4682B4,0
6,11,3,2.49415e+06,-0.327249,-0.327249,0,All,#4682B4,0
7,11,3,2.48096e+06,-0.316316,-0.316316,0,All,#4682B4,0
8,11,3,3.42784e+06,-0.887186,-0.887186,0,All,#4682B4,0
9,11,3,2.66706e+06,-0.460521,-0.460521,0,All,#4682B4,0
10,11,3,2.98768e+06,-0.666824,-0.666824,0,All,#4682B4,0
1,11,4,3.52689e+06,-0.709977,-0.709977,0,All,#4682B4,0
2,11,4,2.9595e+06,-0.389239,-0.389239,0,All,#4682B4,0
3,11,4,3.05092e+06,-0.448981,-0.448981,0,All,#4682B4,0
4,11,4,3.37483e+06,-0.634598,-0.634598,0,All,#4682B4,0
5,11,4,3.89938e+06,-0.869789,-0.869789,0,All,#4682B4,0
6,11,4,3.02566e+06,-0.432833,-0.432833,0,All,#4682B4,0
7,11,4,3.01349e+06,-0.424959,-0.424959,0,All,#4682B4,0
8,11,4,3.77999e+06,-0.821995,-0.821995,0,All,#4682B4,0
9,11,4,3.17918e+06,-0.527006,-0.527006,0,All,#4682B4,0
10,11,4,3.44599e+06,-0.670702,-0.670702,0,All,#4682B4,0
1,12,0,1.2909e+06,0.0182287,0.0182287,0,All,#4682B4,0
2,12,0,791304,1.53422,1.53422,0,All,#4682B4,0
3,12,0,576858,2.99041,2.99041,0,All,#4682B4,0
4,12,0,949966,0.879979,0.879979,0,All,#4682B4,0
5,12,0,696136,2.06973,2.06973,0,All,#4682B4,0
6,12,0,920983,0.982663,0.982663,0,All,#4682B4,0
7,12,0,806123,1.46221,1.46221,0,All,#4682B4,0
8,12,0,745449,1.77517,1.77517,0,All,#4682B4,0
9,12,0,2.75835e+06,-1.2592,-1.2592,0,All,#4682B4,0
10,12,0,989826,0.748585,0.748585,0,All,#4682B4,0
1,12,1,1.81198e+06,-0.887897,-0.887897,0,All,#4682B4,0
2,12,1,1.1865e+06,-0.0997661,-0.0997661,0,All,#4682B4,0
3,12,1,891881,0.654441,0.654441,0,All,#4682B4,0
4,12,1,1.39412e+06,-0.439786,-0.439786,0,All,#4682B4,0
5,12,1,1.05827e+06,0.176886,0.176886,0,All,#4682B4,0
6,12,1,1.35674e+06,-0.386253,-0.386253,0,All,#4682B4,0
7,12,1,1.20592e+06,-0.13654,-0.13654,0,All,#4682B4,0
8,12,1,1.12527e+06,0.0244635,0.0244635,0,All,#4682B4,0
9,12,1,3.25708e+06,-1.55121,-1.55121,0,All,#4682B4,0
10,12,1,1.44499e+06,-0.508195,-0.508195,0,All,#4682B4,0
1,12,2,2.38394e+06,-1.17579,-1.17579,0,All,#4682B4,0
2,12,2,1.68501e+06,-0.675068,-0.675068,0,All,#4682B4,0
3,12,2,1.31884e+06,-0.200896,-0.200896,0,All,#4682B4,0
4,12,2,1.92924e+06,-0.891275,-0.891275,0,All,#4682B4,0
5,12,2,1.52871e+06,-0.500452,-0.500452,0,All,#4682B4,0
6,12,2,1.88572e+06,-0.856849,-0.856849,0,All,#4682B4,0
7,12,2,1.70957e+06,-0.699608,-0.699608,0,All,#4682B4,0
8,12,2,1.61246e+06,-0.598229,-0.598229,0,All,#4682B4,0
9,12,2,3.65099e+06,-1.59472,-1.59472,0,All,#4682B4,0
10,12,2,1.98719e+06,-0.934773,-0.934773,0,All,#4682B4,0
1,12,3,2.9355e+06,-1.12403,-1.12403,0,All,#4682B4,0
2,12,3,2.24984e+06,-0.740365,-0.740365,0,All,#4682B4,0
3,12,3,1.84374e+06,-0.378574,-0.378574,0,All,#4682B4,0
4,12,3,2.49684e+06,-0.902859,-0.902859,0,All,#4682B4,0
5,12,3,2.08082e+06,-0.606943,-0.606943,0,All,#4682B4,0
6,12,3,2.45264e+06,-0.876183,-0.876183,0,All,#4682B4,0
7,12,3,2.27493e+06,-0.758484,-0.758484,0,All,#4682B4,0
8,12,3,2.17034e+06,-0.680198,-0.680198,0,All,#4682B4,0
9,12,3,3.93557e+06,-1.44393,-1.44393,0,All,#4682B4,0
10,12,3,2.55517e+06,-0.936647,-0.936647,0,All,#4682B4,0
1,12,4,3.40436e+06,-1.35949,-1.35949,0,All,#4682B4,0
2,12,4,2.80987e+06,-1.14296,-1.14296,0,All,#4682B4,0
3,12,4,2.41661e+06,-0.94118,-0.94118,0,All,#4682B4,0
4,12,4,3.02813e+06,-1.23234,-1.23234,0,All,#4682B4,0
5,12,4,2.65033e+06,-1.06832,-1.06832,0,All,#4682B4,0
6,12,4,2.98713e+06,-1.21655,-1.21655,0,All,#4682B4,0
7,12,4,2.83528e+06,-1.15408,-1.15408,0,All,#4682B4,0
8,12,4,2.72915e+06,-1.10629,-1.10629,0,All,#4682B4,0
9,12,4,4.12838e+06,-1.53898,-1.53898,0,All,#4682B4,0
10,12,4,3.08131e+06,-1.2522,-1.2522,0,All,#4682B4,0
1,13,0,1.43691e+06,-0.00785201,-0.00785201,0,All,#4682B4,0
2,13,0,1.21439e+06,0.42736,0.42736,0,All,#4682B4,0
3,13,0,1.18546e+06,0.495927,0.495927,0,All,#4682B4,0
4,13,0,798824,1.88932,1.88932,0,All,#4682B4,0
5,13,0,1.80521e+06,-0.492418,-0.492418,0,All,#4682B4,0
6,13,0,931309,1.28157,1.28157,0,All,#4682B4,0
7,13,0,1.11947e+06,0.665634,0.665634,0,All,#4682B4,0
8,13,0,1.411e+06,0.0357638,0.0357638,0,All,#4682B4,0
9,13,0,884827,1.47407,1.47407,0,All,#4682B4,0
10,13,0,1.58479e+06,-0.229473,-0.229473,0,All,#4682B4,0
1,13,1,1.97984e+06,-0.201005,-0.201005,0,All,#4682B4,0
2,13,1,1.72147e+06,0.126475,0.126475,0,All,#4682B4,0
3,13,1,1.68678e+06,0.178082,0.178082,0,All,#4682B4,0
4,13,1,1.19639e+06,1.22782,1.22782,0,All,#4682B4,0
5,13,1,2.37633e+06,-0.565056,-0.565056,0,All,#4682B4,0
6,13,1,1.3701e+06,0.770036,0.770036,0,All,#4682B4,0
7,13,1,1.60663e+06,0.305839,0.305839,0,All,#4682B4,0
8,13,1,1.9505e+06,-0.168184,-0.168184,0,All,#4682B4,0
9,13,1,1.30955e+06,0.915814,0.915814,0,All,#4682B4,0
10,13,1,2.1427e+06,-0.366844,-0.366844,0,All,#4682B4,0
1,13,2,2.55356e+06,-0.809173,-0.809173,0,All,#4682B4,0
2,13,2,2.28971e+06,-0.627827,-0.627827,0,All,#4682B4,0
3,13,2,2.25124e+06,-0.597833,-0.597833,0,All,#4682B4,0
4,13,2,1.6986e+06,-0.0170504,-0.0170504,0,All,#4682B4,0
5,13,2,2.92666e+06,-1.0098,-1.0098,0,All,#4682B4,0
6,13,2,1.90134e+06,-0.26933,-0.26933,0,All,#4682B4,0
7,13,2,2.16523e+06,-0.526928,-0.526928,0,All,#4682B4,0
8,13,2,2.5244e+06,-0.790998,-0.790998,0,All,#4682B4,0
9,13,2,1.83219e+06,-0.189556,-0.189556,0,All,#4682B4,0
10,13,2,2.70926e+06,-0.899618,-0.899618,0,All,#4682B4,0
1,13,3,3.08641e+06,-1.16389,-1.16389,0,All,#4682B4,0
2,13,3,2.84938e+06,-1.06248,-1.06248,0,All,#4682B4,0
3,13,3,2.81314e+06,-1.04547,-1.04547,0,All,#4682B4,0
4,13,3,2.26318e+06,-0.720456,-0.720456,0,All,#4682B4,0
5,13,3,3.39718e+06,-1.2754,-1.2754,0,All,#4682B4,0
6,13,3,2.46862e+06,-0.858809,-0.858809,0,All,#4682B4,0
7,13,3,2.73167e+06,-1.00557,-1.00557,0,All,#4682B4,0
8,13,3,3.06082e+06,-1.15369,-1.15369,0,All,#4682B4,0
9,13,3,2.40239e+06,-0.81679,-0.81679,0,All,#4682B4,0
10,13,3,3.21867e+06,-1.21398,-1.21398,0,All,#4682B4,0
1,13,4,3.52513e+06,-1.20414,-1.20414,0,All,#4682B4,0
2,13,4,3.33544e+06,-1.13711,-1.13711,0,All,#4682B4,0
3,13,4,3.30891e+06,-1.12711,-1.12711,0,All,#4682B4,0
4,13,4,2.82498e+06,-0.911991,-0.911991,0,All,#4682B4,0
5,13,4,3.75821e+06,-1.27725,-1.27725,0,All,#4682B4,0
6,13,4,3.00206e+06,-0.998754,-0.998754,0,All,#4682B4,0
7,13,4,3.23924e+06,-1.1001,-1.1001,0,All,#4682B4,0
8,13,4,3.50505e+06,-1.19739,-1.19739,0,All,#4682B4,0
9,13,4,2.95138e+06,-0.974986,-0.974986,0,All,#4682B4,0
10,13,4,3.62563e+06,-1.23682,-1.23682,0,All,#4682B4,0
1,14,0,2.39613e+06,-0.454438,-0.454438,0,All,#4682B4,0
2,14,0,2.19482e+06,-0.277557,-0.277557,0,All,#4682B4,0
3,14,0,2.35914e+06,-0.424205,-0.424205,0,All,#4682B4,0
4,14,0,2.35173e+06,-0.418028,-0.418028,0,All,#4682B4,0
5,14,0,2.04537e+06,-0.123724,-0.123724,0,All,#4682B4,0
6,14,0,1.59506e+06,0.51408,0.51408,0,All,#4682B4,0
7,14,0,1.74753e+06,0.261325,0.261325,0,All,#4682B4,0
8,14,0,2.21398e+06,-0.295777,-0.295777,0,All,#4682B4,0
9,14,0,1.92491e+06,0.017655,0.017655,0,All,#4682B4,0
10,14,0,2.62659e+06,-0.623647,-0.623647,0,All,#4682B4,0
1,14,1,2.944e+06,0.224357,0.224357,0,All,#4682B4,0
2,14,1,2.75416e+06,0.404077,0.404077,0,All,#4682B4,0
3,14,1,2.91052e+06,0.254347,0.254347,0,All,#4682B4,0
4,14,1,2.90377e+06,0.260482,0.260482,0,All,#4682B4,0
5,14,1,2.61699e+06,0.550153,0.550153,0,All,#4682B4,0
6,14,1,2.15387e+06,1.18082,1.18082,0,All,#4682B4,0
7,14,1,2.3164e+06,0.930768,0.930768,0,All,#4682B4,0
8,14,1,2.77689e+06,0.381255,0.381255,0,All,#4682B4,0
9,14,1,2.49818e+06,0.689648,0.689648,0,All,#4682B4,0
10,14,1,3.14608e+06,0.0568801,0.0568801,0,All,#4682B4,0
1,14,2,3.40869e+06,0.686358,0.686358,0,All,#4682B4,0
2,14,2,3.24409e+06,0.842097,0.842097,0,All,#4682B4,0
3,14,2,3.38186e+06,0.710714,0.710714,0,All,#4682B4,0
4,14,2,3.37642e+06,0.715698,0.715698,0,All,#4682B4,0
5,14,2,3.13833e+06,0.950771,0.950771,0,All,#4682B4,0
6,14,2,2.71994e+06,1.46357,1.46357,0,All,#4682B4,0
7,14,2,2.87207e+06,1.25983,1.25983,0,All,#4682B4,0
8,14,2,3.27274e+06,0.813859,0.813859,0,All,#4682B4,0
9,14,2,3.03557e+06,1.06363,1.06363,0,All,#4682B4,0
10,14,2,3.56683e+06,0.550283,0.550283,0,All,#4682B4,0
1,14,3,3.76347e+06,0.0435697,0.0435697,0,All,#4682B4,0
2,14,3,3.63989e+06,0.125958,0.125958,0,All,#4682B4,0
3,14,3,3.74397e+06,0.0562072,0.0562072,0,All,#4682B4,0
4,14,3,3.73997e+06,0.0588171,0.0588171,0,All,#4682B4,0
5,14,3,3.56247e+06,0.180479,0.180479,0,All,#4682B4,0
6,14,3,3.22763e+06,0.446412,0.446412,0,All,#4682B4,0
7,14,3,3.35332e+06,0.340359,0.340359,0,All,#4682B4,0
8,14,3,3.6629e+06,0.110192,0.110192,0,All,#4682B4,0
9,14,3,3.48341e+06,0.238657,0.238657,0,All,#4682B4,0
10,14,3,3.87711e+06,-0.0275499,-0.0275499,0,All,#4682B4,0
1,14,4,4.01326e+06,0.742984,0.742984,0,All,#4682B4,0
2,14,4,3.92764e+06,0.811131,0.811131,0,All,#4682B4,0
3,14,4,3.99987e+06,0.753451,0.753451,0,All,#4682B4,0
4,14,4,3.9971e+06,0.755626,0.755626,0,All,#4682B4,0
5,14,4,3.8748e+06,0.854685,0.854685,0,All,#4682B4,0
6,14,4,3.63223e+06,1.0709,1.0709,0,All,#4682B4,0
7,14,4,3.72699e+06,0.98309,0.98309,0,All,#4682B4,0
8,14,4,3.94447e+06,0.7975,0.7975,0,All,#4682B4,0
9,14,4,3.82201e+06,0.899403,0.899403,0,All,#4682B4,0
10,14,4,4.08885e+06,0.685197,0.685197,0,All,#4682B4,0
1,15,0,1.90975e+06,0.388171,0.388171,0,All,#4682B4,0
2,15,0,2.94187e+06,-0.58404,-0.58404,0,All,#4682B4,0
3,15,0,2.42493e+06,-0.200559,-0.200559,0,All,#4682B4,0
4,15,0,2.18118e+06,0.043327,0.043327,0,All,#4682B4,0
5,15,0,2.16343e+06,0.0632275,0.0632275,0,All,#4682B4,0
6,15,0,2.0747e+06,0.167847,0.167847,0,All,#4682B4,0
7,15,0,2.1912e+06,0.0322309,0.0322309,0,All,#4682B4,0
8,15,0,2.34552e+06,-0.126669,-0.126669,0,All,#4682B4,0
9,15,0,2.325e+06,-0.106758,-0.106758,0,All,#4682B4,0
10,15,0,2.00796e+06,0.252625,0.252625,0,All,#4682B4,0
1,15,1,2.48297e+06,0.870644,0.870644,0,All,#4682B4,0
2,15,1,3.40709e+06,-0.0118398,-0.0118398,0,All,#4682B4,0
3,15,1,2.96985e+06,0.337248,0.337248,0,All,#4682B4,0
4,15,1,2.74158e+06,0.563734,0.563734,0,All,#4682B4,0
5,15,1,2.72544e+06,0.58118,0.58118,0,All,#4682B4,0
6,15,1,2.64551e+06,0.670742,0.670742,0,All,#4682B4,0
7,15,1,2.75082e+06,0.553833,0.553833,0,All,#4682B4,0
8,15,1,2.8981e+06,0.404595,0.404595,0,All,#4682B4,0
9,15,1,2.87927e+06,0.422823,0.422823,0,All,#4682B4,0
10,15,1,2.58046e+06,0.747725,0.747725,0,All,#4682B4,0
1,15,2,3.02217e+06,0.775372,0.775372,0,All,#4682B4,0
2,15,2,3.7622e+06,0.154131,0.154131,0,All,#4682B4,0
3,15,2,3.42929e+06,0.400428,0.400428,0,All,#4682B4,0
4,15,2,3.23373e+06,0.568751,0.568751,0,All,#4682B4,0
5,15,2,3.22034e+06,0.581019,0.581019,0,All,#4682B4,0
6,15,2,3.16243e+06,0.6353,0.6353,0,All,#4682B4,0
7,15,2,3.24134e+06,0.561815,0.561815,0,All,#4682B4,0
8,15,2,3.37185e+06,0.44784,0.44784,0,All,#4682B4,0
9,15,2,3.35663e+06,0.460673,0.460673,0,All,#4682B4,0
10,15,2,3.10698e+06,0.689166,0.689166,0,All,#4682B4,0
1,15,3,3.47297e+06,0.665268,0.665268,0,All,#4682B4,0
2,15,3,4.01234e+06,0.255508,0.255508,0,All,#4682B4,0
3,15,3,3.7785e+06,0.418795,0.418795,0,All,#4682B4,0
4,15,3,3.63216e+06,0.531673,0.531673,0,All,#4682B4,0
5,15,3,3.62149e+06,0.540259,0.540259,0,All,#4682B4,0
6,15,3,3.57945e+06,0.574591,0.574591,0,All,#4682B4,0
7,15,3,3.63784e+06,0.527121,0.527121,0,All,#4682B4,0
8,15,3,3.73661e+06,0.450203,0.450203,0,All,#4682B4,0
9,15,3,3.72539e+06,0.458733,0.458733,0,All,#4682B4,0
10,15,3,3.53847e+06,0.608849,0.608849,0,All,#4682B4,0
1,15,4,3.8148e+06,0.594778,0.594778,0,All,#4682B4,0
2,15,4,4.1776e+06,0.336177,0.336177,0,All,#4682B4,0
3,15,4,4.02261e+06,0.440943,0.440943,0,All,#4682B4,0
4,15,4,3.92235e+06,0.513131,0.513131,0,All,#4682B4,0
5,15,4,3.91472e+06,0.518777,0.518777,0,All,#4682B4,0
6,15,4,3.88595e+06,0.540254,0.540254,0,All,#4682B4,0
7,15,4,3.92624e+06,0.510262,0.510262,0,All,#4682B4,0
8,15,4,3.99477e+06,0.460626,0.460626,0,All,#4682B4,0
9,15,4,3.98703e+06,0.466146,0.466146,0,All,#4682B4,0
10,15,4,3.858e+06,0.561433,0.561433,0,All,#4682B4,0
1,16,0,2.75189e+06,-0.38394,-0.38394,0,All,#4682B4,0
2,16,0,1.71383e+06,0.826839,0.826839,0,All,#4682B4,0
3,16,0,2.11094e+06,0.22302,0.22302,0,All,#4682B4,0
4,16,0,1.94228e+06,0.449317,0.449317,0,All,#4682B4,0
5,16,0,2.08638e+06,0.253701,0.253701,0,All,#4682B4,0
6,16,0,2.5885e+06,-0.257756,-0.257756,0,All,#4682B4,0
7,16,0,2.23768e+06,0.0754281,0.0754281,0,All,#4682B4,0
8,16,0,2.21477e+06,0.100853,0.100853,0,All,#4682B4,0
9,16,0,1.30653e+06,1.82748,1.82748,0,All,#4682B4,0
10,16,0,1.95202e+06,0.435187,0.435187,0,All,#4682B4,0
1,16,1,3.25171e+06,-0.245278,-0.245278,0,All,#4682B4,0
2,16,1,2.281e+06,0.664426,0.664426,0,All,#4682B4,0
3,16,1,2.67887e+06,0.211832,0.211832,0,All,#4682B4,0
4,16,1,2.51553e+06,0.380316,0.380316,0,All,#4682B4,0
5,16,1,2.65676e+06,0.233425,0.233425,0,All,#4682B4,0
6,16,1,3.1134e+06,-0.150315,-0.150315,0,All,#4682B4,0
7,16,1,2.79885e+06,0.100597,0.100597,0,All,#4682B4,0
8,16,1,2.77763e+06,0.119572,0.119572,0,All,#4682B4,0
9,16,1,1.83024e+06,1.41494,1.41494,0,All,#4682B4,0
10,16,1,2.52522e+06,0.369717,0.369717,0,All,#4682B4,0
1,16,2,3.64696e+06,-0.613226,-0.613226,0,All,#4682B4,0
2,16,2,2.83946e+06,-0.109947,-0.109947,0,All,#4682B4,0
3,16,2,3.191e+06,-0.36035,-0.36035,0,All,#4682B4,0
4,16,2,3.05035e+06,-0.26709,-0.26709,0,All,#4682B4,0
5,16,2,3.172e+06,-0.348234,-0.348234,0,All,#4682B4,0
6,16,2,3.5417e+06,-0.560628,-0.560628,0,All,#4682B4,0
7,16,2,3.29087e+06,-0.421733,-0.421733,0,All,#4682B4,0
8,16,2,3.27335e+06,-0.411236,-0.411236,0,All,#4682B4,0
9,16,2,2.40276e+06,0.303164,0.303164,0,All,#4682B4,0
10,16,2,3.05879e+06,-0.272927,-0.272927,0,All,#4682B4,0
1,16,3,3.93282e+06,-0.342198,-0.342198,0,All,#4682B4,0
2,16,3,3.3269e+06,0.0294787,0.0294787,0,All,#4682B4,0
3,16,3,3.60204e+06,-0.154795,-0.154795,0,All,#4682B4,0
4,16,3,3.49274e+06,-0.0850667,-0.0850667,0,All,#4682B4,0
5,16,3,3.58676e+06,-0.145302,-0.145302,0,All,#4682B4,0
6,16,3,3.85895e+06,-0.303133,-0.303133,0,All,#4682B4,0
7,16,3,3.67643e+06,-0.199878,-0.199878,0,All,#4682B4,0
8,16,3,3.66336e+06,-0.19209,-0.19209,0,All,#4682B4,0
9,16,3,2.95253e+06,0.335363,0.335363,0,All,#4682B4,0
10,16,3,3.49928e+06,-0.0893656,-0.0893656,0,All,#4682B4,0
1,16,4,4.12669e+06,-0.302864,-0.302864,0,All,#4682B4,0
2,16,4,3.70821e+06,-0.0681234,-0.0681234,0,All,#4682B4,0
3,16,4,3.90025e+06,-0.1821,-0.1821,0,All,#4682B4,0
4,16,4,3.82438e+06,-0.138438,-0.138438,0,All,#4682B4,0
5,16,4,3.89109e+06,-0.176919,-0.176919,0,All,#4682B4,0
6,16,4,4.07955e+06,-0.278829,-0.278829,0,All,#4682B4,0
7,16,4,3.95371e+06,-0.21186,-0.21186,0,All,#4682B4,0
8,16,4,3.94478e+06,-0.206947,-0.206947,0,All,#4682B4,0
9,16,4,3.41793e+06,0.128467,0.128467,0,All,#4682B4,0
10,16,4,3.82919e+06,-0.14126,-0.14126,0,All,#4682B4,0
1,17,0,3.47412e+06,-0.106162,-0.106162,0,All,#4682B4,0
2,17,0,2.34216e+06,0.994193,0.994193,0,All,#4682B4,0
3,17,0,3.14625e+06,0.131105,0.131105,0,All,#4682B4,0
4,17,0,3.4605e+06,-0.0971999,-0.0971999,0,All,#4682B4,0
5,17,0,3.9665e+06,-0.388787,-0.388787,0,All,#4682B4,0
6,17,0,2.63412e+06,0.619889,0.619889,0,All,#4682B4,0
7,17,0,3.59808e+06,-0.184597,-0.184597,0,All,#4682B4,0
8,17,0,4.06209e+06,-0.435715,-0.435715,0,All,#4682B4,0
9,17,0,3.84908e+06,-0.327951,-0.327951,0,All,#4682B4,0
10,17,0,2.80384e+06,0.43812,0.43812,0,All,#4682B4,0
1,17,1,3.80941e+06,0.571732,0.571732,0,All,#4682B4,0
2,17,1,2.89503e+06,1.50495,1.50495,0,All,#4682B4,0
3,17,1,3.5668e+06,0.772707,0.772707,0,All,#4682B4,0
4,17,1,3.79965e+06,0.57932,0.57932,0,All,#4682B4,0
5,17,1,4.14535e+06,0.332282,0.332282,0,All,#4682B4,0
6,17,1,3.15251e+06,1.1874,1.1874,0,All,#4682B4,0
7,17,1,3.89698e+06,0.505333,0.505333,0,All,#4682B4,0
8,17,1,4.20684e+06,0.292596,0.292596,0,All,#4682B4,0
9,17,1,4.06825e+06,0.38374,0.38374,0,All,#4682B4,0
10,17,1,3.29524e+06,1.03275,1.03275,0,All,#4682B4,0
1,17,2,4.04395e+06,0.51404,0.51404,0,All,#4682B4,0
2,17,2,3.36937e+06,1.09403,1.09403,0,All,#4682B4,0
3,17,2,3.87753e+06,0.638376,0.638376,0,All,#4682B4,0
4,17,2,4.03754e+06,0.518638,0.518638,0,All,#4682B4,0
5,17,2,4.26061e+06,0.366722,0.366722,0,All,#4682B4,0
6,17,2,3.57175e+06,0.897029,0.897029,0,All,#4682B4,0
7,17,2,4.10142e+06,0.473443,0.473443,0,All,#4682B4,0
8,17,2,4.29886e+06,0.342256,0.342256,0,All,#4682B4,0
9,17,2,4.21199e+06,0.398459,0.398459,0,All,#4682B4,0
10,17,2,3.67966e+06,0.800846,0.800846,0,All,#4682B4,0
1,17,3,4.19737e+06,0.94405,0.94405,0,All,#4682B4,0
2,17,3,3.73479e+06,1.35612,1.35612,0,All,#4682B4,0
3,17,3,4.08951e+06,1.0318,1.0318,0,All,#4682B4,0
4,17,3,4.19338e+06,0.947215,0.947215,0,All,#4682B4,0
5,17,3,4.33123e+06,0.841229,0.841229,0,All,#4682B4,0
6,17,3,3.88071e+06,1.21553,1.21553,0,All,#4682B4,0
7,17,3,4.23131e+06,0.917366,0.917366,0,All,#4682B4,0
8,17,3,4.35472e+06,0.823838,0.823838,0,All,#4682B4,0
9,17,3,4.30119e+06,0.863748,0.863748,0,All,#4682B4,0
10,17,3,3.95717e+06,1.146,1.146,0,All,#4682B4,0
1,17,4,4.29459e+06,0.600751,0.600751,0,All,#4682B4,0
2,17,4,3.99351e+06,0.825698,0.825698,0,All,#4682B4,0
3,17,4,4.2269e+06,0.648534,0.648534,0,All,#4682B4,0
4,17,4,4.29211e+06,0.602473,0.602473,0,All,#4682B4,0
5,17,4,4.37404e+06,0.546555,0.546555,0,All,#4682B4,0
6,17,4,4.09143e+06,0.74891,0.74891,0,All,#4682B4,0
7,17,4,4.31232e+06,0.588488,0.588488,0,All,#4682B4,0
8,17,4,4.38833e+06,0.537019,0.537019,0,All,#4682B4,0
9,17,4,4.35563e+06,0.55894,0.55894,0,All,#4682B4,0
10,17,4,4.14247e+06,0.710316,0.710316,0,All,#4682B4,0
1,18,0,3.4585e+06,0.00114108,0.00114108,0,All,#4682B4,0
2,18,0,3.17342e+06,0.215311,0.215311,0,All,#4682B4,0
3,18,0,4.15094e+06,-0.396555,-0.396555,0,All,#4682B4,0
4,18,0,2.82397e+06,0.53683,0.53683,0,All,#4682B4,0
5,18,0,4.67149e+06,-0.617901,-0.617901,0,All,#4682B4,0
6,18,0,2.82653e+06,0.534186,0.534186,0,All,#4682B4,0
7,18,0,4.02003e+06,-0.331873,-0.331873,0,All,#4682B4,0
8,18,0,2.89682e+06,0.463406,0.463406,0,All,#4682B4,0
9,18,0,5.11986e+06,-0.772472,-0.772472,0,All,#4682B4,0
10,18,0,3.65121e+06,-0.124686,-0.124686,0,All,#4682B4,0
1,18,1,3.79822e+06,0.710039,0.710039,0,All,#4682B4,0
2,18,1,3.58754e+06,0.891675,0.891675,0,All,#4682B4,0
3,18,1,4.263e+06,0.37282,0.37282,0,All,#4682B4,0
4,18,1,3.31176e+06,1.16435,1.16435,0,All,#4682B4,0
5,18,1,4.57455e+06,0.185138,0.185138,0,All,#4682B4,0
6,18,1,3.31386e+06,1.16211,1.16211,0,All,#4682B4,0
7,18,1,4.17992e+06,0.427591,0.427591,0,All,#4682B4,0
8,18,1,3.37095e+06,1.10207,1.10207,0,All,#4682B4,0
9,18,1,4.81983e+06,0.0544512,0.0544512,0,All,#4682B4,0
10,18,1,3.93424e+06,0.6031,0.6031,0,All,#4682B4,0
1,18,2,4.0366e+06,0.430622,0.430622,0,All,#4682B4,0
2,18,2,3.89262e+06,0.534688,0.534688,0,All,#4682B4,0
3,18,2,4.33338e+06,0.237929,0.237929,0,All,#4682B4,0
4,18,2,3.69193e+06,0.693284,0.693284,0,All,#4682B4,0
5,18,2,4.51819e+06,0.130724,0.130724,0,All,#4682B4,0
6,18,2,3.69349e+06,0.691989,0.691989,0,All,#4682B4,0
7,18,2,4.28217e+06,0.26927,0.26927,0,All,#4682B4,0
8,18,2,3.7356e+06,0.657322,0.657322,0,All,#4682B4,0
9,18,2,4.65825e+06,0.0551495,0.0551495,0,All,#4682B4,0
10,18,2,4.12576e+06,0.369816,0.369816,0,All,#4682B4,0
1,18,3,4.19279e+06,0.494118,0.494118,0,All,#4682B4,0
2,18,3,4.09958e+06,0.559537,0.559537,0,All,#4682B4,0
3,18,3,4.37582e+06,0.373779,0.373779,0,All,#4682B4,0
4,18,3,3.96516e+06,0.659288,0.659288,0,All,#4682B4,0
5,18,3,4.48608e+06,0.306022,0.306022,0,All,#4682B4,0
6,18,3,3.96618e+06,0.658505,0.658505,0,All,#4682B4,0
7,18,3,4.34448e+06,0.393664,0.393664,0,All,#4682B4,0
8,18,3,3.99423e+06,0.63714,0.63714,0,All,#4682B4,0
9,18,3,4.56716e+06,0.258287,0.258287,0,All,#4682B4,0
10,18,3,4.24755e+06,0.457027,0.457027,0,All,#4682B4,0
1,18,4,4.29175e+06,0.931125,0.931125,0,All,#4682B4,0
2,18,4,4.23283e+06,0.977253,0.977253,0,All,#4682B4,0
3,18,4,4.40108e+06,0.848797,0.848797,0,All,#4682B4,0
4,18,4,4.14675e+06,1.047,1.047,0,All,#4682B4,0
5,18,4,4.46724e+06,0.800933,0.800933,0,All,#4682B4,0
6,18,4,4.14736e+06,1.0465,1.0465,0,All,#4682B4,0
7,18,4,4.38211e+06,0.862784,0.862784,0,All,#4682B4,0
8,18,4,4.16511e+06,1.03188,1.03188,0,All,#4682B4,0
9,18,4,4.51429e+06,0.76775,0.76775,0,All,#4682B4,0
10,18,4,4.32227e+06,0.907718,0.907718,0,All,#4682B4,0
1,19,0,2.60837e+06,1.61019,1.61019,0,All,#4682B4,0
2,19,0,5.06041e+06,-0.32469,-0.32469,0,All,#4682B4,0
3,19,0,4.80383e+06,-0.214755,-0.214755,0,All,#4682B4,0
4,19,0,2.94842e+06,1.14965,1.14965,0,All,#4682B4,0
5,19,0,3.97123e+06,0.239817,0.239817,0,All,#4682B4,0
6,19,0,3.28882e+06,0.784024,0.784024,0,All,#4682B4,0
7,19,0,3.0532e+06,1.02842,1.02842,0,All,#4682B4,0
8,19,0,3.07101e+06,1.00863,1.00863,0,All,#4682B4,0
9,19,0,2.60634e+06,1.61331,1.61331,0,All,#4682B4,0
10,19,0,2.74919e+06,1.40565,1.40565,0,All,#4682B4,0
1,19,1,3.13049e+06,0.519298,0.519298,0,All,#4682B4,0
2,19,1,4.78837e+06,-0.485545,-0.485545,0,All,#4682B4,0
3,19,1,4.64888e+06,-0.428614,-0.428614,0,All,#4682B4,0
4,19,1,3.41232e+06,0.279599,0.279599,0,All,#4682B4,0
5,19,1,4.14842e+06,-0.192847,-0.192847,0,All,#4682B4,0
6,19,1,3.6743e+06,0.0897542,0.0897542,0,All,#4682B4,0
7,19,1,3.49494e+06,0.216656,0.216656,0,All,#4682B4,0
8,19,1,3.5088e+06,0.206385,0.206385,0,All,#4682B4,0
9,19,1,3.12874e+06,0.520918,0.520918,0,All,#4682B4,0
10,19,1,3.24946e+06,0.413038,0.413038,0,All,#4682B4,0
1,19,2,3.55486e+06,0.912603,0.912603,0,All,#4682B4,0
2,19,2,4.64064e+06,0.141539,0.141539,0,All,#4682B4,0
3,19,2,4.56121e+06,0.185502,0.185502,0,All,#4682B4,0
4,19,2,3.76601e+06,0.727827,0.727827,0,All,#4682B4,0
5,19,2,4.26253e+06,0.365472,0.365472,0,All,#4682B4,0
6,19,2,3.95154e+06,0.581773,0.581773,0,All,#4682B4,0
7,19,2,3.82558e+06,0.679389,0.679389,0,All,#4682B4,0
8,19,2,3.83561e+06,0.671382,0.671382,0,All,#4682B4,0
9,19,2,3.55351e+06,0.913848,0.913848,0,All,#4682B4,0
10,19,2,3.64527e+06,0.83086,0.83086,0,All,#4682B4,0
1,19,3,3.86841e+06,0.347864,0.347864,0,All,#4682B4,0
2,19,3,4.55717e+06,-0.0648626,-0.0648626,0,All,#4682B4,0
3,19,3,4.51141e+06,-0.0413473,-0.0413473,0,All,#4682B4,0
4,19,3,4.01515e+06,0.248062,0.248062,0,All,#4682B4,0
5,19,3,4.33241e+06,0.0553981,0.0553981,0,All,#4682B4,0
6,19,3,4.1383e+06,0.169767,0.169767,0,All,#4682B4,0
7,19,3,4.05421e+06,0.222716,0.222716,0,All,#4682B4,0
8,19,3,4.0643e+06,0.216249,0.216249,0,All,#4682B4,0
9,19,3,3.86744e+06,0.348551,0.348551,0,All,#4682B4,0
10,19,3,3.93167e+06,0.303929,0.303929,0,All,#4682B4,0
1,19,4,4.08277e+06,0.629478,0.629478,0,All,#4682B4,0
2,19,4,4.50849e+06,0.345024,0.345024,0,All,#4682B4,0
3,19,4,4.48201e+06,0.361147,0.361147,0,All,#4682B4,0
4,19,4,4.1795e+06,0.559757,0.559757,0,All,#4682B4,0
5,19,4,4.37476e+06,0.428415,0.428415,0,All,#4682B4,0
6,19,4,4.25801e+06,0.505503,0.505503,0,All,#4682B4,0
7,19,4,4.2052e+06,0.541775,0.541775,0,All,#4682B4,0
8,19,4,4.21016e+06,0.538331,0.538331,0,All,#4682B4,0
9,19,4,4.0821e+06,0.629971,0.629971,0,All,#4682B4,0
10,19,4,4.12597e+06,0.597936,0.597936,0,All,#4682B4,0
1,20,0,3.98452e+06,0.438822,0.438822,0,All,#4682B4,0
2,20,0,4.74389e+06,-0.0128631,-0.0128631,0,All,#4682B4,0
3,20,0,3.06048e+06,1.29079,1.29079,0,All,#4682B4,0
4,20,0,3.07593e+06,1.27233,1.27233,0,All,#4682B4,0
5,20,0,3.88266e+06,0.512851,0.512851,0,All,#4682B4,0
6,20,0,3.3352e+06,0.988183,0.988183,0,All,#4682B4,0
7,20,0,3.81427e+06,0.564776,0.564776,0,All,#4682B4,0
8,20,0,4.50305e+06,0.113895,0.113895,0,All,#4682B4,0
9,20,0,4.46661e+06,0.134265,0.134265,0,All,#4682B4,0
10,20,0,4.11205e+06,0.351308,0.351308,0,All,#4682B4,0
1,20,1,4.15703e+06,0.378462,0.378462,0,All,#4682B4,0
2,20,1,4.61544e+06,0.104197,0.104197,0,All,#4682B4,0
3,20,1,3.50061e+06,0.896273,0.896273,0,All,#4682B4,0
4,20,1,3.51262e+06,0.885055,0.885055,0,All,#4682B4,0
5,20,1,4.09048e+06,0.423386,0.423386,0,All,#4682B4,0
6,20,1,3.70861e+06,0.712355,0.712355,0,All,#4682B4,0
7,20,1,4.04505e+06,0.454904,0.454904,0,All,#4682B4,0
8,20,1,4.47709e+06,0.181054,0.181054,0,All,#4682B4,0
9,20,1,4.45544e+06,0.193511,0.193511,0,All,#4682B4,0
10,20,1,4.23853e+06,0.325362,0.325362,0,All,#4682B4,0
1,20,2,4.26791e+06,0.739429,0.739429,0,All,#4682B4,0
2,20,2,4.54188e+06,0.551087,0.551087,0,All,#4682B4,0
3,20,2,3.82973e+06,1.09667,1.09667,0,All,#4682B4,0
4,20,2,3.83836e+06,1.08885,1.08885,0,All,#4682B4,0
5,20,2,4.22609e+06,0.77033,0.77033,0,All,#4682B4,0
6,20,2,3.97845e+06,0.9666,0.9666,0,All,#4682B4,0
7,20,2,4.19723e+06,0.792012,0.792012,0,All,#4682B4,0
8,20,2,4.46131e+06,0.604071,0.604071,0,All,#4682B4,0
9,20,2,4.44856e+06,0.612632,0.612632,0,All,#4682B4,0
10,20,2,4.31839e+06,0.702929,0.702929,0,All,#4682B4,0
1,20,3,4.33572e+06,0.992715,0.992715,0,All,#4682B4,0
2,20,3,4.50009e+06,0.869415,0.869415,0,All,#4682B4,0
3,20,3,4.06128e+06,1.22083,1.22083,0,All,#4682B4,0
4,20,3,4.0658e+06,1.21681,1.21681,0,All,#4682B4,0
5,20,3,4.30992e+06,1.01292,1.01292,0,All,#4682B4,0
6,20,3,4.15588e+06,1.13879,1.13879,0,All,#4682B4,0
7,20,3,4.29201e+06,1.02709,1.02709,0,All,#4682B4,0
8,20,3,4.45214e+06,0.904441,0.904441,0,All,#4682B4,0
9,20,3,4.44457e+06,0.910043,0.910043,0,All,#4682B4,0
10,20,3,4.36667e+06,0.96879,0.96879,0,All,#4682B4,0
1,20,4,4.37678e+06,1.20411,1.20411,0,All,#4682B4,0
2,20,4,4.47547e+06,1.12502,1.12502,0,All,#4682B4,0
3,20,4,4.20781e+06,1.34816,1.34816,0,All,#4682B4,0
4,20,4,4.21115e+06,1.34519,1.34519,0,All,#4682B4,0
5,20,4,4.36101e+06,1.21709,1.21709,0,All,#4682B4,0
6,20,4,4.2698e+06,1.29399,1.29399,0,All,#4682B4,0
7,20,4,4.34992e+06,1.22626,1.22626,0,All,#4682B4,0
8,20,4,4.44677e+06,1.14766,1.14766,0,All,#4682B4,0
9,20,4,4.44232e+06,1.15119,1.15119,0,All,#4682B4,0
10,20,4,4.39556e+06,1.18879,1.18879,0,All,#4682B4,0
