rep,id,eta_rho,eta_kappa,eta_psi,eta_phi,eta_beta,eta_alpha,eta_delta,eta_theta,eta_scaling,GROUP
1,1,0,0,0,0,0,0,0,0.110511,0,vvDD
2,1,0,0,0,0,0,0,0,0.0350765,0,vvDD
3,1,0,0,0,0,0,0,0,-0.556131,0,vvDD
4,1,0,0,0,0,0,0,0,-0.553123,0,vvDD
5,1,0,0,0,0,0,0,0,-0.340366,0,vvDD
6,1,0,0,0,0,0,0,0,0.659154,0,vvDD
7,1,0,0,0,0,0,0,0,-0.250416,0,vvDD
8,1,0,0,0,0,0,0,0,-0.568179,0,vvDD
9,1,0,0,0,0,0,0,0,-0.50808,0,vvDD
10,1,0,0,0,0,0,0,0,-0.810758,0,vvDD
1,2,0,0,0,0,0,0,0,-0.449183,0,vvDD
2,2,0,0,0,0,0,0,0,0.111692,0,vvDD
3,2,0,0,0,0,0,0,0,-0.167055,0,vvDD
4,2,0,0,0,0,0,0,0,0.174755,0,vvDD
5,2,0,0,0,0,0,0,0,0.528353,0,vvDD
6,2,0,0,0,0,0,0,0,0.0365884,0,vvDD
7,2,0,0,0,0,0,0,0,-0.31961,0,vvDD
8,2,0,0,0,0,0,0,0,0.479352,0,vvDD
9,2,0,0,0,0,0,0,0,0.746264,0,vvDD
10,2,0,0,0,0,0,0,0,0.0473538,0,vvDD
1,3,0,0,0,0,0,0,0,-0.0574612,0,vvDD
2,3,0,0,0,0,0,0,0,0.040911,0,vvDD
3,3,0,0,0,0,0,0,0,0.449342,0,vvDD
4,3,0,0,0,0,0,0,0,-0.0132388,0,vvDD
5,3,0,0,0,0,0,0,0,-0.729713,0,vvDD
6,3,0,0,0,0,0,0,0,-0.0699374,0,vvDD
7,3,0,0,0,0,0,0,0,-0.781587,0,vvDD
8,3,0,0,0,0,0,0,0,-0.357503,0,vvDD
9,3,0,0,0,0,0,0,0,0.270005,0,vvDD
10,3,0,0,0,0,0,0,0,0.194343,0,vvDD
1,4,0,0,0,0,0,0,0,-0.103189,0,vvDD
2,4,0,0,0,0,0,0,0,0.403481,0,vvDD
3,4,0,0,0,0,0,0,0,-0.039511,0,vvDD
4,4,0,0,0,0,0,0,0,0.011927,0,vvDD
5,4,0,0,0,0,0,0,0,-0.2839,0,vvDD
6,4,0,0,0,0,0,0,0,-0.241042,0,vvDD
7,4,0,0,0,0,0,0,0,-0.353198,0,vvDD
8,4,0,0,0,0,0,0,0,0.280114,0,vvDD
9,4,0,0,0,0,0,0,0,-0.0900786,0,vvDD
10,4,0,0,0,0,0,0,0,-0.475555,0,vvDD
1,5,0,0,0,0,0,0,0,0.457016,0,vvDD
2,5,0,0,0,0,0,0,0,0.503325,0,vvDD
3,5,0,0,0,0,0,0,0,0.369791,0,vvDD
4,5,0,0,0,0,0,0,0,0.173327,0,vvDD
5,5,0,0,0,0,0,0,0,0.30514,0,vvDD
6,5,0,0,0,0,0,0,0,0.347212,0,vvDD
7,5,0,0,0,0,0,0,0,0.354528,0,vvDD
8,5,0,0,0,0,0,0,0,0.788377,0,vvDD
9,5,0,0,0,0,0,0,0,0.347996,0,vvDD
10,5,0,0,0,0,0,0,0,0.744874,0,vvDD
1,6,0,0,0,0,0,0,0,0.627743,0,vvDD
2,6,0,0,0,0,0,0,0,0.295912,0,vvDD
3,6,0,0,0,0,0,0,0,0.0728661,0,vvDD
4,6,0,0,0,0,0,0,0,0.661928,0,vvDD
5,6,0,0,0,0,0,0,0,1.34397e-05,0,vvDD
6,6,0,0,0,0,0,0,0,0.120134,0,vvDD
7,6,0,0,0,0,0,0,0,-0.142756,0,vvDD
8,6,0,0,0,0,0,0,0,0.296859,0,vvDD
9,6,0,0,0,0,0,0,0,0.461136,0,vvDD
10,6,0,0,0,0,0,0,0,0.119146,0,vvDD
1,7,0,0,0,0,0,0,0,0.175775,0,vvDD
2,7,0,0,0,0,0,0,0,0.300599,0,vvDD
3,7,0,0,0,0,0,0,0,-0.25429,0,vvDD
4,7,0,0,0,0,0,0,0,0.103116,0,vvDD
5,7,0,0,0,0,0,0,0,-0.109987,0,vvDD
6,7,0,0,0,0,0,0,0,0.102999,0,vvDD
7,7,0,0,0,0,0,0,0,0.347197,0,vvDD
8,7,0,0,0,0,0,0,0,0.263209,0,vvDD
9,7,0,0,0,0,0,0,0,0.200435,0,vvDD
10,7,0,0,0,0,0,0,0,-0.00289603,0,vvDD
1,8,0,0,0,0,0,0,0,0.0851965,0,vvDD
2,8,0,0,0,0,0,0,0,0.0273044,0,vvDD
3,8,0,0,0,0,0,0,0,0.0666633,0,vvDD
4,8,0,0,0,0,0,0,0,0.469776,0,vvDD
5,8,0,0,0,0,0,0,0,0.0616269,0,vvDD
6,8,0,0,0,0,0,0,0,0.335869,0,vvDD
7,8,0,0,0,0,0,0,0,0.507918,0,vvDD
8,8,0,0,0,0,0,0,0,0.183297,0,vvDD
9,8,0,0,0,0,0,0,0,0.40061,0,vvDD
10,8,0,0,0,0,0,0,0,0.187146,0,vvDD
1,9,0,0,0,0,0,0,0,0.169474,0,vvDD
2,9,0,0,0,0,0,0,0,0.182885,0,vvDD
3,9,0,0,0,0,0,0,0,-0.0397802,0,vvDD
4,9,0,0,0,0,0,0,0,0.270446,0,vvDD
5,9,0,0,0,0,0,0,0,-0.0750246,0,vvDD
6,9,0,0,0,0,0,0,0,-0.030605,0,vvDD
7,9,0,0,0,0,0,0,0,0.203164,0,vvDD
8,9,0,0,0,0,0,0,0,0.115781,0,vvDD
9,9,0,0,0,0,0,0,0,0.0837327,0,vvDD
10,9,0,0,0,0,0,0,0,0.0364333,0,vvDD
1,10,0,0,0,0,0,0,0,0.209172,0,vvDD
2,10,0,0,0,0,0,0,0,0.299004,0,vvDD
3,10,0,0,0,0,0,0,0,0.382491,0,vvDD
4,10,0,0,0,0,0,0,0,0.0497577,0,vvDD
5,10,0,0,0,0,0,0,0,0.426363,0,vvDD
6,10,0,0,0,0,0,0,0,0.68751,0,vvDD
7,10,0,0,0,0,0,0,0,0.937781,0,vvDD
8,10,0,0,0,0,0,0,0,0.384796,0,vvDD
9,10,0,0,0,0,0,0,0,0.748911,0,vvDD
10,10,0,0,0,0,0,0,0,0.136437,0,vvDD
1,11,0,0,0,0,0,0,0,-0.651914,0,ctrl
2,11,0,0,0,0,0,0,0,-1.18813,0,ctrl
3,11,0,0,0,0,0,0,0,-1.09833,0,ctrl
4,11,0,0,0,0,0,0,0,-0.805849,0,ctrl
5,11,0,0,0,0,0,0,0,-0.196789,0,ctrl
6,11,0,0,0,0,0,0,0,-1.1196,0,ctrl
7,11,0,0,0,0,0,0,0,-1.12976,0,ctrl
8,11,0,0,0,0,0,0,0,-0.358634,0,ctrl
9,11,0,0,0,0,0,0,0,-0.985088,0,ctrl
10,11,0,0,0,0,0,0,0,-0.734109,0,ctrl
1,12,0,0,0,0,0,0,0,-0.776149,0,ctrl
2,12,0,0,0,0,0,0,0,-1.31602,0,ctrl
3,12,0,0,0,0,0,0,0,-1.653,0,ctrl
4,12,0,0,0,0,0,0,0,-1.11752,0,ctrl
5,12,0,0,0,0,0,0,0,-1.45348,0,ctrl
6,12,0,0,0,0,0,0,0,-1.1514,0,ctrl
7,12,0,0,0,0,0,0,0,-1.296,0,ctrl
8,12,0,0,0,0,0,0,0,-1.38022,0,ctrl
9,12,0,0,0,0,0,0,0,0.148031,0,ctrl
10,12,0,0,0,0,0,0,0,-1.07243,0,ctrl
1,13,0,0,0,0,0,0,0,-0.653751,0,ctrl
2,13,0,0,0,0,0,0,0,-0.845144,0,ctrl
3,13,0,0,0,0,0,0,0,-0.872218,0,ctrl
4,13,0,0,0,0,0,0,0,-1.30582,0,ctrl
5,13,0,0,0,0,0,0,0,-0.386062,0,ctrl
6,13,0,0,0,0,0,0,0,-1.13922,0,ctrl
7,13,0,0,0,0,0,0,0,-0.936234,0,ctrl
8,13,0,0,0,0,0,0,0,-0.67467,0,ctrl
9,13,0,0,0,0,0,0,0,-1.19505,0,ctrl
10,13,0,0,0,0,0,0,0,-0.54012,0,ctrl
1,14,0,0,0,0,0,0,0,-0.0360457,0,ctrl
2,14,0,0,0,0,0,0,0,-0.147076,0,ctrl
3,14,0,0,0,0,0,0,0,-0.0559187,0,ctrl
4,14,0,0,0,0,0,0,0,-0.0599304,0,ctrl
5,14,0,0,0,0,0,0,0,-0.234533,0,ctrl
6,14,0,0,0,0,0,0,0,-0.532561,0,ctrl
7,14,0,0,0,0,0,0,0,-0.424829,0,ctrl
8,14,0,0,0,0,0,0,0,-0.136192,0,ctrl
9,14,0,0,0,0,0,0,0,-0.308677,0,ctrl
10,14,0,0,0,0,0,0,0,0.0831151,0,ctrl
1,15,0,0,0,0,0,0,0,-0.318266,0,ctrl
2,15,0,0,0,0,0,0,0,0.235115,0,ctrl
3,15,0,0,0,0,0,0,0,-0.0207212,0,ctrl
4,15,0,0,0,0,0,0,0,-0.154868,0,ctrl
5,15,0,0,0,0,0,0,0,-0.165059,0,ctrl
6,15,0,0,0,0,0,0,0,-0.216993,0,ctrl
7,15,0,0,0,0,0,0,0,-0.14914,0,ctrl
8,15,0,0,0,0,0,0,0,-0.0632968,0,ctrl
9,15,0,0,0,0,0,0,0,-0.0744658,0,ctrl
10,15,0,0,0,0,0,0,0,-0.257185,0,ctrl
1,16,0,0,0,0,0,0,0,0.144898,0,ctrl
2,16,0,0,0,0,0,0,0,-0.447956,0,ctrl
3,16,0,0,0,0,0,0,0,-0.195581,0,ctrl
4,16,0,0,0,0,0,0,0,-0.297768,0,ctrl
5,16,0,0,0,0,0,0,0,-0.210063,0,ctrl
6,16,0,0,0,0,0,0,0,0.0639386,0,ctrl
7,16,0,0,0,0,0,0,0,-0.122827,0,ctrl
8,16,0,0,0,0,0,0,0,-0.135744,0,ctrl
9,16,0,0,0,0,0,0,0,-0.762495,0,ctrl
10,16,0,0,0,0,0,0,0,-0.291684,0,ctrl
1,17,0,0,0,0,0,0,0,0.470237,0,ctrl
2,17,0,0,0,0,0,0,0,-0.0651169,0,ctrl
3,17,0,0,0,0,0,0,0,0.328151,0,ctrl
4,17,0,0,0,0,0,0,0,0.464486,0,ctrl
5,17,0,0,0,0,0,0,0,0.670961,0,ctrl
6,17,0,0,0,0,0,0,0,0.0868836,0,ctrl
7,17,0,0,0,0,0,0,0,0.522026,0,ctrl
8,17,0,0,0,0,0,0,0,0.708569,0,ctrl
9,17,0,0,0,0,0,0,0,0.624223,0,ctrl
10,17,0,0,0,0,0,0,0,0.16996,0,ctrl
1,18,0,0,0,0,0,0,0,0.463642,0,ctrl
2,18,0,0,0,0,0,0,0,0.340243,0,ctrl
3,18,0,0,0,0,0,0,0,0.743197,0,ctrl
4,18,0,0,0,0,0,0,0,0.17959,0,ctrl
5,18,0,0,0,0,0,0,0,0.941059,0,ctrl
6,18,0,0,0,0,0,0,0,0.180812,0,ctrl
7,18,0,0,0,0,0,0,0,0.692068,0,ctrl
8,18,0,0,0,0,0,0,0,0.21407,0,ctrl
9,18,0,0,0,0,0,0,0,1.10687,0,ctrl
10,18,0,0,0,0,0,0,0,0.543943,0,ctrl
1,19,0,0,0,0,0,0,0,0.0739686,0,ctrl
2,19,0,0,0,0,0,0,0,1.08503,0,ctrl
3,19,0,0,0,0,0,0,0,0.990315,0,ctrl
4,19,0,0,0,0,0,0,0,0.238159,0,ctrl
5,19,0,0,0,0,0,0,0,0.672831,0,ctrl
6,19,0,0,0,0,0,0,0,0.390921,0,ctrl
7,19,0,0,0,0,0,0,0,0.286271,0,ctrl
8,19,0,0,0,0,0,0,0,0.294347,0,ctrl
9,19,0,0,0,0,0,0,0,0.0729435,0,ctrl
10,19,0,0,0,0,0,0,0,0.143586,0,ctrl
1,20,0,0,0,0,0,0,0,0.67808,0,ctrl
2,20,0,0,0,0,0,0,0,0.968046,0,ctrl
3,20,0,0,0,0,0,0,0,0.289573,0,ctrl
4,20,0,0,0,0,0,0,0,0.296573,0,ctrl
5,20,0,0,0,0,0,0,0,0.637654,0,ctrl
6,20,0,0,0,0,0,0,0,0.411001,0,ctrl
7,20,0,0,0,0,0,0,0,0.610244,0,ctrl
8,20,0,0,0,0,0,0,0,0.87784,0,ctrl
9,20,0,0,0,0,0,0,0,0.864074,0,ctrl
10,20,0,0,0,0,0,0,0,0.728079,0,ctrl
