popPred_spline_abscissa,popPred_spline,popPred_ci_abscissa,popPred_piLower,popPred_piUpper,indivPred_spline_abscissa,indivPred_spline,indivPred_ci_abscissa,indivPred_piLower,indivPred_piUpper,split
994527,964443,994527,308041,1.68101e+06,944677,680427,944677,292600,1.59675e+06,All
1.02278e+06,998987,1.02278e+06,316793,1.72878e+06,973913,720322,973913,301656,1.64617e+06,All
1.05184e+06,1.03451e+06,1.05184e+06,325793,1.77789e+06,1.00405e+06,761321,1.00405e+06,310991,1.69711e+06,All
1.05536e+06,1.03881e+06,1.05536e+06,326883,1.78384e+06,1.01251e+06,772823,1.01251e+06,313610,1.71141e+06,All
1.08173e+06,1.07105e+06,1.08173e+06,335050,1.82841e+06,1.03513e+06,803552,1.03513e+06,320615,1.74964e+06,All
1.11246e+06,1.10862e+06,1.11246e+06,344569,1.88036e+06,1.06716e+06,846813,1.06716e+06,330538,1.80378e+06,All
1.1162e+06,1.11318e+06,1.1162e+06,345725,1.88666e+06,1.08034e+06,864586,1.08034e+06,334619,1.82606e+06,All
1.14407e+06,1.14726e+06,1.14407e+06,354359,1.93378e+06,1.10019e+06,891094,1.10019e+06,340767,1.85961e+06,All
1.17658e+06,1.187e+06,1.17658e+06,364427,1.98872e+06,1.13423e+06,936549,1.13423e+06,351313,1.91716e+06,All
1.17703e+06,1.18755e+06,1.17703e+06,364568,1.98949e+06,1.14817e+06,955152,1.14817e+06,355629,1.94071e+06,All
1.21e+06,1.22786e+06,1.21e+06,374782,2.04523e+06,1.16934e+06,982767,1.16934e+06,362185,1.97649e+06,All
1.23786e+06,1.26192e+06,1.23786e+06,383410,2.09232e+06,1.20552e+06,1.02897e+06,1.20552e+06,373394,2.03765e+06,All
1.24438e+06,1.26989e+06,1.24438e+06,385430,2.10334e+06,1.216e+06,1.04235e+06,1.216e+06,376638,2.05536e+06,All
1.27974e+06,1.31311e+06,1.27974e+06,396381,2.1631e+06,1.24283e+06,1.07661e+06,1.24283e+06,384949,2.10071e+06,All
1.2987e+06,1.33629e+06,1.2987e+06,402253,2.19514e+06,1.28129e+06,1.12572e+06,1.28129e+06,396862,2.16572e+06,All
1.3161e+06,1.35756e+06,1.3161e+06,407643,2.22455e+06,1.28383e+06,1.12896e+06,1.28383e+06,397648,2.17001e+06,All
1.35349e+06,1.40328e+06,1.35349e+06,419225,2.28776e+06,1.32095e+06,1.17635e+06,1.32095e+06,409144,2.23275e+06,All
1.35953e+06,1.41066e+06,1.35953e+06,421095,2.29797e+06,1.35166e+06,1.21557e+06,1.35166e+06,418657,2.28466e+06,All
1.39195e+06,1.45029e+06,1.39195e+06,431136,2.35276e+06,1.36183e+06,1.22855e+06,1.36183e+06,421806,2.30185e+06,All
1.42036e+06,1.48503e+06,1.42036e+06,439938,2.40079e+06,1.40397e+06,1.28236e+06,1.40397e+06,434860,2.37308e+06,All
1.4315e+06,1.49864e+06,1.4315e+06,443385,2.41961e+06,1.41949e+06,1.30135e+06,1.41949e+06,439667,2.39931e+06,All
1.47217e+06,1.54836e+06,1.47217e+06,455983,2.48835e+06,1.44742e+06,1.33499e+06,1.44742e+06,448318,2.44652e+06,All
1.4812e+06,1.5594e+06,1.4812e+06,458780,2.50362e+06,1.48732e+06,1.38161e+06,1.48732e+06,460676,2.51397e+06,All
1.51399e+06,1.59941e+06,1.51399e+06,468938,2.55905e+06,1.49221e+06,1.38732e+06,1.49221e+06,462192,2.52224e+06,All
1.54203e+06,1.63057e+06,1.54203e+06,477622,2.60644e+06,1.53839e+06,1.44118e+06,1.53839e+06,476496,2.60029e+06,All
1.55701e+06,1.64721e+06,1.55701e+06,482262,2.63176e+06,1.55515e+06,1.46073e+06,1.55515e+06,481686,2.62862e+06,All
1.60125e+06,1.69637e+06,1.60125e+06,495964,2.70653e+06,1.586e+06,1.49659e+06,1.586e+06,491242,2.68077e+06,All
1.60287e+06,1.69817e+06,1.60287e+06,496465,2.70927e+06,1.62298e+06,1.53862e+06,1.62298e+06,502695,2.74327e+06,All
1.64674e+06,1.74692e+06,1.64674e+06,510055,2.78343e+06,1.63509e+06,1.55231e+06,1.63509e+06,506445,2.76373e+06,All
1.6637e+06,1.76577e+06,1.6637e+06,515307,2.81209e+06,1.68569e+06,1.60937e+06,1.68569e+06,522118,2.84926e+06,All
1.69353e+06,1.79891e+06,1.69353e+06,524547,2.86251e+06,1.69081e+06,1.61513e+06,1.69081e+06,523705,2.85792e+06,All
1.72453e+06,1.83337e+06,1.72453e+06,534150,2.91492e+06,1.73786e+06,1.66808e+06,1.73786e+06,538276,2.93744e+06,All
1.74165e+06,1.85238e+06,1.74165e+06,539450,2.94384e+06,1.75864e+06,1.69148e+06,1.75864e+06,544714,2.97257e+06,All
1.78537e+06,1.90097e+06,1.78537e+06,552992,3.01774e+06,1.79164e+06,1.72861e+06,1.79164e+06,554934,3.02834e+06,All
1.79113e+06,1.90737e+06,1.79113e+06,554777,3.02748e+06,1.82647e+06,1.76782e+06,1.82647e+06,565724,3.08722e+06,All
1.84202e+06,1.96392e+06,1.84202e+06,570539,3.1135e+06,1.84708e+06,1.79102e+06,1.84708e+06,572108,3.12206e+06,All
1.8462e+06,1.96857e+06,1.8462e+06,571835,3.12057e+06,1.8943e+06,1.84485e+06,1.8943e+06,586733,3.20187e+06,All
1.89436e+06,2.02208e+06,1.89436e+06,586750,3.20196e+06,1.90425e+06,1.85629e+06,1.90425e+06,589813,3.21868e+06,All
1.90704e+06,2.03617e+06,1.90704e+06,590677,3.22339e+06,1.96213e+06,1.9234e+06,1.96213e+06,607743,3.31653e+06,All
1.94818e+06,2.08189e+06,1.94818e+06,603420,3.29294e+06,1.96318e+06,1.92465e+06,1.96318e+06,608067,3.31829e+06,All
1.96787e+06,2.10377e+06,1.96787e+06,609519,3.32622e+06,2.02393e+06,1.99739e+06,2.02393e+06,626885,3.42098e+06,All
2.00353e+06,2.1434e+06,2.00353e+06,620565,3.3865e+06,2.02996e+06,2.00461e+06,2.02996e+06,628752,3.43118e+06,All
2.0287e+06,2.17137e+06,2.0287e+06,628362,3.42905e+06,2.08657e+06,2.07294e+06,2.08657e+06,646285,3.52685e+06,All
2.06045e+06,2.20665e+06,2.06045e+06,638196,3.48271e+06,2.09779e+06,2.08718e+06,2.09779e+06,649762,3.54583e+06,All
2.08954e+06,2.23897e+06,2.08954e+06,647204,3.53187e+06,2.15114e+06,2.15488e+06,2.15114e+06,666286,3.636e+06,All
2.119e+06,2.2717e+06,2.119e+06,656329,3.58166e+06,2.16563e+06,2.17326e+06,2.16563e+06,670771,3.66048e+06,All
2.15037e+06,2.30657e+06,2.15037e+06,666047,3.6347e+06,2.21772e+06,2.24124e+06,2.21772e+06,686906,3.74853e+06,All
2.1792e+06,2.33861e+06,2.1792e+06,674976,3.68343e+06,2.23346e+06,2.26266e+06,2.23346e+06,691781,3.77513e+06,All
2.21121e+06,2.37417e+06,2.21121e+06,684889,3.73752e+06,2.28635e+06,2.33567e+06,2.28635e+06,708164,3.86453e+06,All
2.24112e+06,2.40741e+06,2.24112e+06,694154,3.78808e+06,2.30129e+06,2.35708e+06,2.30129e+06,712790,3.88978e+06,All
2.27204e+06,2.44177e+06,2.27204e+06,703732,3.84035e+06,2.35711e+06,2.43708e+06,2.35711e+06,730080,3.98413e+06,All
2.30479e+06,2.47817e+06,2.30479e+06,713876,3.89571e+06,2.36912e+06,2.4543e+06,2.36912e+06,733800,4.00443e+06,All
2.33287e+06,2.50937e+06,2.33287e+06,722574,3.94317e+06,2.43005e+06,2.54163e+06,2.43005e+06,752674,4.10743e+06,All
2.37028e+06,2.55093e+06,2.37028e+06,734159,4.00639e+06,2.43695e+06,2.55165e+06,2.43695e+06,754809,4.11908e+06,All
2.39371e+06,2.57697e+06,2.39371e+06,741416,4.046e+06,2.50478e+06,2.65237e+06,2.50478e+06,775819,4.23374e+06,All
2.43762e+06,2.62577e+06,2.43762e+06,755018,4.12022e+06,2.50526e+06,2.65308e+06,2.50526e+06,775967,4.23454e+06,All
2.45454e+06,2.64457e+06,2.45454e+06,760259,4.14882e+06,2.57261e+06,2.75381e+06,2.57261e+06,796828,4.34839e+06,All
2.50688e+06,2.6837e+06,2.50688e+06,776470,4.23729e+06,2.58279e+06,2.76906e+06,2.58279e+06,799981,4.36559e+06,All
2.51537e+06,2.68934e+06,2.51537e+06,779101,4.25165e+06,2.64044e+06,2.85536e+06,2.64044e+06,817838,4.46304e+06,All
2.57621e+06,2.72977e+06,2.57621e+06,797944,4.35447e+06,2.66272e+06,2.8886e+06,2.66272e+06,824738,4.5007e+06,All
2.5781e+06,2.73103e+06,2.5781e+06,798531,4.35768e+06,2.70827e+06,2.95625e+06,2.70827e+06,838848,4.57769e+06,All
2.63704e+06,2.7702e+06,2.63704e+06,816786,4.4573e+06,2.74512e+06,3.01053e+06,2.74512e+06,850262,4.63998e+06,All
2.65135e+06,2.77971e+06,2.65135e+06,821219,4.48149e+06,2.7761e+06,3.05591e+06,2.7761e+06,859857,4.69234e+06,All
2.69788e+06,2.83158e+06,2.69788e+06,835629,4.56012e+06,2.83008e+06,3.13437e+06,2.83008e+06,876575,4.78358e+06,All
2.72668e+06,2.87122e+06,2.72668e+06,844551,4.60882e+06,2.84393e+06,3.15438e+06,2.84393e+06,880867,4.80699e+06,All
2.75871e+06,2.91529e+06,2.75871e+06,854471,4.66295e+06,2.91176e+06,3.25199e+06,2.91176e+06,901876,4.92164e+06,All
2.80415e+06,2.97782e+06,2.80415e+06,868547,4.73976e+06,2.91766e+06,3.26046e+06,2.91766e+06,903703,4.93162e+06,All
2.81954e+06,2.999e+06,2.81954e+06,873313,4.76577e+06,2.97959e+06,3.34894e+06,2.97959e+06,922886,5.0363e+06,All
2.88038e+06,3.08271e+06,2.88038e+06,892156,4.8686e+06,3.00795e+06,3.38934e+06,3.00795e+06,931670,5.08424e+06,All
2.88383e+06,3.08745e+06,2.88383e+06,893224,4.87443e+06,3.04742e+06,3.44551e+06,3.04742e+06,943895,5.15095e+06,All
2.94121e+06,3.16642e+06,2.94121e+06,910998,4.97143e+06,3.10104e+06,3.52172e+06,3.10104e+06,960503,5.24158e+06,All
2.96576e+06,3.2002e+06,2.96576e+06,918602,5.01292e+06,3.11525e+06,3.54191e+06,3.11525e+06,964905,5.2656e+06,All
3.00205e+06,3.25013e+06,3.00205e+06,929841,5.07425e+06,3.18308e+06,3.63845e+06,3.18308e+06,985914,5.38025e+06,All
3.05002e+06,3.29891e+06,3.05002e+06,944701,5.15535e+06,3.19701e+06,3.65828e+06,3.19701e+06,990228,5.40379e+06,All
3.06288e+06,3.31092e+06,3.06288e+06,948683,5.17708e+06,3.25091e+06,3.73523e+06,3.25091e+06,1.00692e+06,5.4949e+06,All
3.12371e+06,3.36773e+06,3.12371e+06,967525,5.2799e+06,3.29595e+06,3.79967e+06,3.29595e+06,1.02087e+06,5.57103e+06,All
3.13668e+06,3.37984e+06,3.13668e+06,971542,5.30182e+06,3.31874e+06,3.83233e+06,3.31874e+06,1.02793e+06,5.60955e+06,All
3.18455e+06,3.42453e+06,3.18455e+06,986368,5.38273e+06,3.38657e+06,3.92953e+06,3.38657e+06,1.04894e+06,5.7242e+06,All
3.2258e+06,3.46306e+06,3.2258e+06,999146,5.45246e+06,3.39795e+06,3.94582e+06,3.39795e+06,1.05247e+06,5.74344e+06,All
3.24538e+06,3.48134e+06,3.24538e+06,1.00521e+06,5.48555e+06,3.4544e+06,4.02659e+06,3.4544e+06,1.06995e+06,5.83886e+06,All
3.30622e+06,3.53815e+06,3.30622e+06,1.02405e+06,5.58838e+06,3.50311e+06,4.0961e+06,3.50311e+06,1.08504e+06,5.92118e+06,All
3.31745e+06,3.54864e+06,3.31745e+06,1.02753e+06,5.60737e+06,3.52223e+06,4.12328e+06,3.52223e+06,1.09096e+06,5.95351e+06,All
3.36705e+06,3.59496e+06,3.36705e+06,1.0429e+06,5.6912e+06,3.59006e+06,4.21937e+06,3.59006e+06,1.11197e+06,6.06816e+06,All
3.41171e+06,3.63666e+06,3.41171e+06,1.05673e+06,5.76669e+06,3.61152e+06,4.24969e+06,3.61152e+06,1.11862e+06,6.10443e+06,All
3.42788e+06,3.65177e+06,3.42788e+06,1.06174e+06,5.79403e+06,3.6579e+06,4.31478e+06,3.6579e+06,1.13298e+06,6.18281e+06,All
3.48872e+06,3.70915e+06,3.48872e+06,1.08058e+06,5.89685e+06,3.72329e+06,4.4057e+06,3.72329e+06,1.15324e+06,6.29334e+06,All
3.50864e+06,3.72811e+06,3.50864e+06,1.08675e+06,5.93053e+06,3.72573e+06,4.40907e+06,3.72573e+06,1.15399e+06,6.29746e+06,All
3.54955e+06,3.76705e+06,3.54955e+06,1.09942e+06,5.99968e+06,3.79356e+06,4.50269e+06,3.79356e+06,1.175e+06,6.41211e+06,All
3.60833e+06,3.823e+06,3.60833e+06,1.11763e+06,6.09903e+06,3.83851e+06,4.56517e+06,3.83851e+06,1.18892e+06,6.4881e+06,All
3.61038e+06,3.82496e+06,3.61038e+06,1.11826e+06,6.1025e+06,3.86139e+06,4.59731e+06,3.86139e+06,1.19601e+06,6.52676e+06,All
3.67122e+06,3.88286e+06,3.67122e+06,1.13711e+06,6.20533e+06,3.92922e+06,4.69595e+06,3.92922e+06,1.21702e+06,6.64142e+06,All
3.71085e+06,3.92058e+06,3.71085e+06,1.14938e+06,6.27232e+06,3.95731e+06,4.73855e+06,3.95731e+06,1.22572e+06,6.68889e+06,All
3.73205e+06,3.94077e+06,3.73205e+06,1.15595e+06,6.30815e+06,3.99705e+06,4.80183e+06,3.99705e+06,1.23803e+06,6.75607e+06,All
3.79289e+06,3.99867e+06,3.79289e+06,1.17479e+06,6.41098e+06,4.06488e+06,4.91703e+06,4.06488e+06,1.25904e+06,6.87072e+06,All
3.81628e+06,4.02582e+06,3.81628e+06,1.18204e+06,6.45053e+06,4.07978e+06,4.94233e+06,4.07978e+06,1.26365e+06,6.8959e+06,All
3.85372e+06,4.07182e+06,3.85372e+06,1.19363e+06,6.51381e+06,4.13271e+06,5.04242e+06,4.13271e+06,1.28005e+06,6.98537e+06,All
3.91455e+06,4.14657e+06,3.91455e+06,1.21248e+06,6.61663e+06,4.20054e+06,5.18416e+06,4.20054e+06,1.30106e+06,7.10002e+06,All
3.92471e+06,4.15905e+06,3.92471e+06,1.21562e+06,6.6338e+06,4.20603e+06,5.19608e+06,4.20603e+06,1.30276e+06,7.10931e+06,All
3.97539e+06,4.22131e+06,3.97539e+06,1.23132e+06,6.71946e+06,4.26837e+06,5.34036e+06,4.26837e+06,1.32207e+06,7.21467e+06,All
4.03622e+06,4.29606e+06,4.03622e+06,1.25016e+06,6.82228e+06,4.3362e+06,5.51812e+06,4.3362e+06,1.34308e+06,7.32932e+06,All
