rep,ID,standEta_theta_simulated,GROUP,filter
1,1,0.20294,vvDD,0
2,1,0.0644137,vvDD,0
3,1,-1.02127,vvDD,0
4,1,-1.01574,vvDD,0
5,1,-0.62504,vvDD,0
6,1,1.21046,vvDD,0
7,1,-0.459859,vvDD,0
8,1,-1.04339,vvDD,0
9,1,-0.933027,vvDD,0
10,1,-1.48886,vvDD,0
1,2,-0.82487,vvDD,0
2,2,0.205109,vvDD,0
3,2,-0.306775,vvDD,0
4,2,0.320916,vvDD,0
5,2,0.970255,vvDD,0
6,2,0.0671901,vvDD,0
7,2,-0.586925,vvDD,0
8,2,0.880272,vvDD,0
9,2,1.37042,vvDD,0
10,2,0.0869596,vvDD,0
1,3,-0.105521,vvDD,0
2,3,0.0751281,vvDD,0
3,3,0.825162,vvDD,0
4,3,-0.0243114,vvDD,0
5,3,-1.34003,vvDD,0
6,3,-0.128432,vvDD,0
7,3,-1.43529,vvDD,0
8,3,-0.656511,vvDD,0
9,3,0.495832,vvDD,0
10,3,0.356887,vvDD,0
1,4,-0.189495,vvDD,0
2,4,0.740944,vvDD,0
3,4,-0.0725572,vvDD,0
4,4,0.0219024,vvDD,0
5,4,-0.521349,vvDD,0
6,4,-0.442645,vvDD,0
7,4,-0.648606,vvDD,0
8,4,0.514394,vvDD,0
9,4,-0.165418,vvDD,0
10,4,-0.873299,vvDD,0
1,5,0.839255,vvDD,0
2,5,0.924296,vvDD,0
3,5,0.679077,vvDD,0
4,5,0.318293,vvDD,0
5,5,0.560353,vvDD,0
6,5,0.637613,vvDD,0
7,5,0.651048,vvDD,0
8,5,1.44776,vvDD,0
9,5,0.639053,vvDD,0
10,5,1.36787,vvDD,0
1,6,1.15277,vvDD,0
2,6,0.543406,vvDD,0
3,6,0.13381,vvDD,0
4,6,1.21555,vvDD,0
5,6,2.46804e-05,vvDD,0
6,6,0.220611,vvDD,0
7,6,-0.262155,vvDD,0
8,6,0.545146,vvDD,0
9,6,0.846819,vvDD,0
10,6,0.218797,vvDD,0
1,7,0.32279,vvDD,0
2,7,0.552013,vvDD,0
3,7,-0.466973,vvDD,0
4,7,0.18936,vvDD,0
5,7,-0.201978,vvDD,0
6,7,0.189146,vvDD,0
7,7,0.637584,vvDD,0
8,7,0.483352,vvDD,0
9,7,0.368075,vvDD,0
10,7,-0.00531821,vvDD,0
1,8,0.156453,vvDD,0
2,8,0.0501412,vvDD,0
3,8,0.122419,vvDD,0
4,8,0.862686,vvDD,0
5,8,0.11317,vvDD,0
6,8,0.616783,vvDD,0
7,8,0.932729,vvDD,0
8,8,0.336603,vvDD,0
9,8,0.735672,vvDD,0
10,8,0.343671,vvDD,0
1,9,0.311219,vvDD,0
2,9,0.335846,vvDD,0
3,9,-0.0730514,vvDD,0
4,9,0.496641,vvDD,0
5,9,-0.137774,vvDD,0
6,9,-0.0562023,vvDD,0
7,9,0.373086,vvDD,0
8,9,0.212618,vvDD,0
9,9,0.153765,vvDD,0
10,9,0.0669053,vvDD,0
1,10,0.384119,vvDD,0
2,10,0.549084,vvDD,0
3,10,0.702397,vvDD,0
4,10,0.091374,vvDD,0
5,10,0.782964,vvDD,0
6,10,1.26253,vvDD,0
7,10,1.72212,vvDD,0
8,10,0.706631,vvDD,0
9,10,1.37528,vvDD,0
10,10,0.250551,vvDD,0
1,11,-1.19716,ctrl,0
2,11,-2.18186,ctrl,0
3,11,-2.01695,ctrl,0
4,11,-1.47984,ctrl,0
5,11,-0.36138,ctrl,0
6,11,-2.05601,ctrl,0
7,11,-2.07467,ctrl,0
8,11,-0.658588,ctrl,0
9,11,-1.80899,ctrl,0
10,11,-1.3481,ctrl,0
1,12,-1.4253,ctrl,0
2,12,-2.41671,ctrl,0
3,12,-3.03554,ctrl,0
4,12,-2.0522,ctrl,0
5,12,-2.66915,ctrl,0
6,12,-2.11441,ctrl,0
7,12,-2.37995,ctrl,0
8,12,-2.5346,ctrl,0
9,12,0.271842,ctrl,0
10,12,-1.96938,ctrl,0
1,13,-1.20054,ctrl,0
2,13,-1.552,ctrl,0
3,13,-1.60172,ctrl,0
4,13,-2.39798,ctrl,0
5,13,-0.708955,ctrl,0
6,13,-2.09205,ctrl,0
7,13,-1.71928,ctrl,0
8,13,-1.23895,ctrl,0
9,13,-2.19457,ctrl,0
10,13,-0.991865,ctrl,0
1,14,-0.0661935,ctrl,0
2,14,-0.270087,ctrl,0
3,14,-0.102688,ctrl,0
4,14,-0.110055,ctrl,0
5,14,-0.430691,ctrl,0
6,14,-0.977983,ctrl,0
7,14,-0.780147,ctrl,0
8,14,-0.250101,ctrl,0
9,14,-0.566848,ctrl,0
10,14,0.152631,ctrl,0
1,15,-0.584457,ctrl,0
2,15,0.43176,ctrl,0
3,15,-0.038052,ctrl,0
4,15,-0.284396,ctrl,0
5,15,-0.303112,ctrl,0
6,15,-0.398481,ctrl,0
7,15,-0.273877,ctrl,0
8,15,-0.116237,ctrl,0
9,15,-0.136747,ctrl,0
10,15,-0.472289,ctrl,0
1,16,0.266088,ctrl,0
2,16,-0.822617,ctrl,0
3,16,-0.359162,ctrl,0
4,16,-0.546815,ctrl,0
5,16,-0.385755,ctrl,0
6,16,0.117415,ctrl,0
7,16,-0.225558,ctrl,0
8,16,-0.249277,ctrl,0
9,16,-1.40023,ctrl,0
10,16,-0.535643,ctrl,0
1,17,0.863532,ctrl,0
2,17,-0.119579,ctrl,0
3,17,0.602609,ctrl,0
4,17,0.852973,ctrl,0
5,17,1.23214,ctrl,0
6,17,0.159551,ctrl,0
7,17,0.958637,ctrl,0
8,17,1.3012,ctrl,0
9,17,1.14631,ctrl,0
10,17,0.312111,ctrl,0
1,18,0.851422,ctrl,0
2,18,0.624815,ctrl,0
3,18,1.36479,ctrl,0
4,18,0.329796,ctrl,0
5,18,1.72814,ctrl,0
6,18,0.332038,ctrl,0
7,18,1.2709,ctrl,0
8,18,0.393114,ctrl,0
9,18,2.03262,ctrl,0
10,18,0.998885,ctrl,0
1,19,0.135834,ctrl,0
2,19,1.99253,ctrl,0
3,19,1.81859,ctrl,0
4,19,0.43735,ctrl,0
5,19,1.23557,ctrl,0
6,19,0.717879,ctrl,0
7,19,0.525702,ctrl,0
8,19,0.540533,ctrl,0
9,19,0.133952,ctrl,0
10,19,0.263678,ctrl,0
1,20,1.24521,ctrl,0
2,20,1.7777,ctrl,0
3,20,0.531765,ctrl,0
4,20,0.544621,ctrl,0
5,20,1.17097,ctrl,0
6,20,0.754754,ctrl,0
7,20,1.12064,ctrl,0
8,20,1.61205,ctrl,0
9,20,1.58677,ctrl,0
10,20,1.33703,ctrl,0
