iteration,convergenceIndicator,phase,theta_pop,omega_theta,b
1,3380.94,1,4,1,0.3
2,3214.36,1,2.22118,2.12731,0.480596
3,3166.28,1,0.606327,2.07345,0.461065
4,3155.6,1,0.351325,2.02095,0.444596
5,3134.47,1,0.0854569,1.96978,0.430565
6,3136.21,1,0.00470828,1.9199,0.451297
7,3129.93,1,-0.103367,1.87129,0.441872
8,3129.01,1,0.0124064,1.82391,0.435286
9,3120.64,1,-0.220101,1.77772,0.444271
10,3118.38,1,-0.0778654,1.73271,0.422057
11,3114.42,1,-0.125721,1.68884,0.417948
12,3123.94,1,0.0520922,1.64607,0.422292
13,3114.88,1,0.00422515,1.6044,0.415696
14,3119.59,1,0.0349116,1.56377,0.423253
15,3121.53,1,0.00315371,1.52418,0.429638
16,3111.61,1,-0.107078,1.48558,0.422969
17,3110.56,1,-0.162699,1.44797,0.421873
18,3106.45,1,-0.153854,1.4113,0.418017
19,3106.33,1,-0.105165,1.37557,0.411879
20,3106.45,1,-0.0281877,1.34074,0.407389
21,3102.01,1,-0.0784485,1.30679,0.403459
22,3110.64,1,-0.0160309,1.2737,0.41647
23,3109.02,1,-0.119846,1.24145,0.427483
24,3110.86,1,-0.117791,1.21002,0.431638
25,3111.21,1,-0.088279,1.17938,0.433298
26,3101.94,1,-0.113782,1.14952,0.423562
27,3102.72,1,-0.151898,1.12041,0.425181
28,3103.09,1,-0.118429,1.09204,0.421187
29,3105.1,1,-0.09576,1.06439,0.423685
30,3110.31,1,-0.0180597,1.03744,0.420072
31,3104.44,1,-0.0627431,1.01117,0.42312
32,3096.43,1,-0.127626,0.985566,0.416512
33,3090.43,1,-0.204235,0.960611,0.41215
34,3094.32,1,-0.168981,0.936287,0.417599
35,3093.76,1,-0.139159,0.91258,0.410517
36,3092.69,1,-0.205576,0.889473,0.419014
37,3096.62,1,-0.159863,0.866951,0.419656
38,3093.6,1,-0.129621,0.844999,0.420449
39,3089.03,1,-0.251829,0.823604,0.423678
40,3099.25,1,-0.154614,0.802749,0.424358
41,3091.88,1,-0.172357,0.782423,0.421355
42,3094.31,1,-0.187337,0.762612,0.423752
43,3096.7,1,-0.205026,0.743302,0.431066
44,3087.29,1,-0.20459,0.724481,0.419668
45,3089.95,1,-0.227223,0.706137,0.42159
46,3086.69,1,-0.214162,0.688257,0.41748
47,3088.91,1,-0.188714,0.67083,0.420856
48,3090.22,1,-0.175657,0.653844,0.422341
49,3090.15,1,-0.148042,0.637289,0.415927
50,3086.5,1,-0.143581,0.621152,0.412448
51,3093.23,1,-0.134222,0.634444,0.418594
52,3092.84,1,-0.182445,0.657703,0.422823
53,3091.87,1,-0.123391,0.64105,0.418435
54,3081.09,1,-0.180882,0.624818,0.406045
55,3088.32,1,-0.159691,0.608997,0.417833
56,3083.47,1,-0.200808,0.593577,0.412053
57,3086.69,1,-0.251597,0.578547,0.428148
58,3086.82,1,-0.212619,0.572252,0.422153
59,3083.16,1,-0.226842,0.557763,0.420747
60,3080.35,1,-0.233377,0.568774,0.410989
61,3083.6,1,-0.145633,0.620368,0.403287
62,3081.58,1,-0.170873,0.60466,0.412602
63,3081.8,1,-0.189931,0.589349,0.410719
64,3084.02,1,-0.187282,0.574427,0.412968
65,3086.36,1,-0.132049,0.577177,0.410914
66,3082.24,1,-0.176784,0.575149,0.406502
67,3090.26,1,-0.085298,0.609874,0.407645
68,3091.92,1,-0.13293,0.636927,0.419505
69,3086.9,1,-0.16984,0.6208,0.416417
70,3089.38,1,-0.273589,0.612343,0.433785
71,3086.37,1,-0.210684,0.625903,0.416696
72,3088.38,1,-0.1815,0.610054,0.420336
73,3083.45,1,-0.226305,0.594608,0.416514
74,3087.89,1,-0.169668,0.603561,0.420297
75,3095.33,1,-0.0879617,0.646482,0.419273
76,3088.11,1,-0.1148,0.630112,0.408823
77,3092.93,1,-0.108604,0.649296,0.412926
78,3087.9,1,-0.162851,0.632855,0.416551
79,3084.59,1,-0.236535,0.616831,0.420561
80,3087.24,1,-0.143517,0.601212,0.412375
81,3090.55,1,-0.166032,0.585989,0.426674
82,3085.94,1,-0.198765,0.571152,0.424114
83,3086.39,1,-0.186924,0.55669,0.421053
84,3086.56,1,-0.19225,0.564118,0.42336
85,3084.57,1,-0.289119,0.549834,0.427106
86,3081.27,1,-0.257731,0.544592,0.423047
87,3076.21,1,-0.263352,0.530802,0.412015
88,3089.61,1,-0.236963,0.517362,0.438451
89,3076.19,1,-0.210545,0.504262,0.416528
90,3084.74,1,-0.204446,0.564681,0.421872
91,3091.5,1,-0.23188,0.617386,0.434068
92,3082.96,1,-0.293988,0.601753,0.424998
93,3087.19,1,-0.265479,0.586516,0.433269
94,3083.33,1,-0.187316,0.61864,0.411606
95,3087.42,1,-0.20758,0.602976,0.422746
96,3083.67,1,-0.276642,0.587708,0.427107
97,3078.53,1,-0.291727,0.572827,0.420569
98,3083.1,1,-0.292068,0.558323,0.430818
99,3091.77,1,-0.234478,0.547593,0.437438
100,3080.75,1,-0.26855,0.533728,0.425958
101,3080.59,1,-0.242509,0.544879,0.413673
102,3085.86,1,-0.18083,0.5511,0.420481
103,3088.58,1,-0.228014,0.537146,0.430228
104,3089.34,1,-0.203509,0.58859,0.424525
105,3085.53,1,-0.24412,0.573686,0.425553
106,3087.27,1,-0.256126,0.55916,0.433414
107,3093.31,1,-0.216738,0.62425,0.437504
108,3087.61,1,-0.225267,0.608443,0.424761
109,3087.43,1,-0.260737,0.593037,0.427818
110,3084.5,1,-0.228283,0.594027,0.417933
111,3083.6,1,-0.255625,0.578986,0.424905
112,3086.78,1,-0.196162,0.580068,0.425032
113,3088.59,1,-0.197894,0.626416,0.41858
114,3092.97,1,-0.175555,0.610555,0.427027
115,3090.88,1,-0.210765,0.595095,0.430512
116,3088.2,1,-0.157727,0.580027,0.418597
117,3090.66,1,-0.201152,0.609806,0.429154
118,3085.2,1,-0.211685,0.594365,0.419472
119,3094.95,1,-0.210809,0.674515,0.427661
120,3091.5,1,-0.186934,0.657436,0.429316
121,3088,1,-0.158462,0.64079,0.416169
122,3090.57,1,-0.113971,0.635779,0.415002
123,3084.8,1,-0.158925,0.619681,0.410835
124,3086.31,1,-0.157604,0.60399,0.414213
125,3085.65,1,-0.136399,0.588697,0.415601
126,3093.47,1,-0.156525,0.573791,0.433081
127,3089.74,1,-0.146983,0.559262,0.426058
128,3084.47,1,-0.188951,0.545101,0.421024
129,3084.19,1,-0.150389,0.531299,0.418983
130,3080.2,1,-0.208391,0.517846,0.418786
131,3080.1,1,-0.235365,0.504734,0.420218
132,3085.87,1,-0.242808,0.54821,0.426337
133,3092.57,1,-0.219151,0.548287,0.436705
134,3082.86,1,-0.294398,0.534404,0.432797
135,3085.59,1,-0.222711,0.520872,0.430004
136,3089.53,1,-0.21122,0.516302,0.43123
137,3088.33,1,-0.173719,0.55342,0.42049
138,3082.7,1,-0.114573,0.541098,0.405683
139,3081.67,1,-0.221903,0.540656,0.415976
140,3076.97,1,-0.270846,0.526966,0.417922
141,3082.52,1,-0.213281,0.529956,0.420722
142,3092.54,1,-0.181516,0.536833,0.439376
143,3084.14,1,-0.218152,0.52324,0.425937
144,3086.71,1,-0.195203,0.509991,0.430856
145,3080.89,1,-0.236703,0.497078,0.423111
146,3085.91,1,-0.157719,0.538042,0.420763
147,3079.39,1,-0.178835,0.524419,0.408399
148,3078.42,1,-0.189032,0.51114,0.408858
149,3082.14,1,-0.189048,0.498198,0.416497
150,3080.8,1,-0.179884,0.485908,0.417784
151,3087.63,1,-0.229552,0.474598,0.438311
152,3078.71,1,-0.239259,0.462581,0.42356
153,3087.64,1,-0.199197,0.489361,0.430001
154,3088.69,1,-0.244906,0.514879,0.434301
155,3096.46,1,-0.165775,0.501842,0.440018
156,3096.64,1,-0.169619,0.509611,0.438654
157,3089.82,1,-0.0822238,0.496708,0.425921
158,3082.08,1,-0.22323,0.505839,0.420829
159,3084.28,1,-0.237013,0.528386,0.421563
160,3089.47,1,-0.184951,0.53456,0.429951
161,3084.42,1,-0.245474,0.530509,0.426354
162,3079.03,1,-0.281468,0.517076,0.425478
163,3088.73,1,-0.148889,0.544678,0.422821
164,3087.4,1,-0.227647,0.594455,0.420218
165,3085.39,1,-0.224692,0.579403,0.422545
166,3091.51,1,-0.242831,0.564733,0.437871
167,3084.99,1,-0.228766,0.550433,0.427122
168,3088.19,1,-0.204495,0.562277,0.430588
169,3091.49,1,-0.169035,0.552394,0.421986
170,3092.05,1,-0.0712164,0.538407,0.417506
171,3087.79,1,-0.150113,0.555476,0.418349
172,3088.94,1,-0.155764,0.565091,0.419564
173,3091.38,1,-0.111493,0.550782,0.423401
174,3091.44,1,-0.0607517,0.57535,0.416181
175,3085.87,1,-0.0743707,0.560782,0.410168
176,3085.3,1,-0.097966,0.546583,0.414262
177,3084.44,1,-0.118378,0.532743,0.416063
178,3080.7,1,-0.182928,0.519254,0.412341
179,3081.86,1,-0.251886,0.516001,0.4226
180,3082.36,1,-0.207402,0.518056,0.415906
181,3087.07,1,-0.235904,0.521462,0.434292
182,3082.39,1,-0.21433,0.534755,0.420299
183,3083.8,1,-0.213422,0.522561,0.424843
184,3086.39,1,-0.18456,0.581627,0.418139
185,3086.84,1,-0.107144,0.578776,0.41361
186,3088.33,1,-0.0903411,0.575793,0.411479
187,3090.48,1,-0.139137,0.601973,0.415777
188,3086.66,1,-0.162618,0.600668,0.410912
189,3079.74,1,-0.190199,0.585458,0.408047
190,3081.25,1,-0.171438,0.570634,0.407846
191,3081.2,1,-0.226909,0.556185,0.420785
192,3079.43,1,-0.207262,0.542103,0.411528
193,3084.43,1,-0.212057,0.528376,0.425461
194,3084.57,1,-0.229043,0.514997,0.430244
195,3082.94,1,-0.171476,0.510841,0.418478
196,3082.28,1,-0.170907,0.497906,0.422242
197,3080.3,1,-0.197153,0.516187,0.41595
198,3084.54,1,-0.245593,0.568672,0.419137
199,3082.39,1,-0.200705,0.554273,0.417906
200,3084.34,1,-0.231381,0.540238,0.424128
201,3086.44,1,-0.224389,0.598802,0.420957
202,3089.47,1,-0.12116,0.600874,0.417446
203,3083.55,2,-0.233196,0.585659,0.421391
204,3086.41,2,-0.239195,0.581348,0.425307
205,3082.75,2,-0.189577,0.544868,0.416726
206,3083.93,2,-0.192427,0.558921,0.421235
207,3089.25,2,-0.219947,0.553995,0.433477
208,3086.35,2,-0.219087,0.535455,0.429133
209,3082.13,2,-0.262721,0.551101,0.423269
210,3088.13,2,-0.152794,0.553045,0.417232
211,3081.03,2,-0.191328,0.539343,0.415282
212,3080.59,2,-0.209148,0.49357,0.41863
213,3077.93,2,-0.222436,0.463511,0.41668
214,3080.93,2,-0.203981,0.491383,0.414863
215,3092.93,2,-0.184823,0.540993,0.429205
216,3081.5,2,-0.235848,0.51756,0.427567
217,3079.44,2,-0.230638,0.507451,0.419537
218,3077.06,2,-0.217522,0.49382,0.417197
219,3082.27,2,-0.22808,0.51873,0.419242
220,3085.28,2,-0.203461,0.546731,0.416284
221,3079.86,2,-0.222043,0.5422,0.415572
222,3081.74,2,-0.227195,0.54821,0.415165
223,3088.56,2,-0.214189,0.559745,0.418547
224,3089.81,2,-0.192585,0.568856,0.418316
225,3081.07,2,-0.192905,0.552377,0.416787
226,3088.61,2,-0.164767,0.546054,0.418416
227,3082.81,2,-0.166594,0.53269,0.417184
228,3080.16,2,-0.160552,0.525362,0.414316
229,3083.55,2,-0.167014,0.531618,0.41492
230,3084.96,2,-0.171858,0.543274,0.415697
231,3080.85,2,-0.176135,0.531695,0.414302
232,3088.49,2,-0.168694,0.529076,0.416536
233,3087.2,2,-0.157378,0.535598,0.415397
234,3079.14,2,-0.169327,0.531818,0.413998
235,3084.16,2,-0.184241,0.534713,0.414579
236,3086.39,2,-0.179816,0.539371,0.414077
237,3079.68,2,-0.186111,0.528644,0.414371
238,3085.42,2,-0.188144,0.524776,0.416265
239,3086.32,2,-0.194305,0.5251,0.418271
240,3085.69,2,-0.193098,0.523418,0.419077
241,3086.99,2,-0.190008,0.528865,0.41885
242,3080.37,2,-0.18865,0.521106,0.418704
243,3082.56,2,-0.183278,0.516084,0.418291
244,3087.89,2,-0.176101,0.523023,0.417539
245,3087.84,2,-0.179769,0.528518,0.417925
246,3081.94,2,-0.18507,0.526207,0.418516
247,3087.51,2,-0.178002,0.530255,0.417931
248,3089.55,2,-0.173618,0.536235,0.417902
249,3092.4,2,-0.171953,0.540768,0.418413
250,3090.3,2,-0.176199,0.547065,0.418816
251,3086.75,2,-0.178503,0.546628,0.419508
252,3081.74,2,-0.178363,0.544317,0.419057
253,3084.79,2,-0.182904,0.542086,0.419783
254,3088.09,2,-0.184127,0.54259,0.419979
255,3084.84,2,-0.183756,0.542431,0.419922
256,3084.94,2,-0.184649,0.541634,0.420014
257,3083.13,2,-0.18481,0.54109,0.420013
258,3079.59,2,-0.184002,0.540553,0.419748
259,3080.59,2,-0.184932,0.539782,0.41976
260,3090.37,2,-0.185238,0.540418,0.419913
261,3085.56,2,-0.185279,0.540406,0.419915
262,3081.5,2,-0.186137,0.540249,0.419903
263,3085.86,2,-0.185255,0.540599,0.419776
264,3088.21,2,-0.185717,0.542144,0.419685
265,3088.54,2,-0.187242,0.542975,0.419926
266,3081.43,2,-0.187984,0.543068,0.41985
267,3085.01,2,-0.188273,0.543748,0.419785
268,3090.67,2,-0.188079,0.544827,0.419792
269,3087.23,2,-0.187803,0.54499,0.419856
270,3091.24,2,-0.187498,0.545443,0.419901
271,3094.76,2,-0.18787,0.54536,0.420227
272,3087.75,2,-0.187029,0.545447,0.420184
273,3085.23,2,-0.187141,0.545644,0.42015
274,3083.47,2,-0.187843,0.54571,0.420139
275,3084.18,2,-0.187984,0.545926,0.420095
276,3082.85,2,-0.188275,0.545939,0.420107
277,3081.84,2,-0.188718,0.545544,0.420126
278,3086.78,2,-0.187393,0.544984,0.420059
279,3081.88,2,-0.18706,0.544292,0.419993
280,3080.34,2,-0.18778,0.544045,0.419938
281,3086.66,2,-0.188536,0.544168,0.420052
282,3082.14,2,-0.189291,0.544016,0.420069
283,3084.65,2,-0.18834,0.543974,0.419945
284,3080.27,2,-0.188262,0.54375,0.419815
285,3086.02,2,-0.188641,0.544101,0.419833
286,3088.12,2,-0.18919,0.544096,0.419945
287,3079.69,2,-0.1896,0.543958,0.41987
288,3078.31,2,-0.190157,0.54391,0.419779
289,3080.22,2,-0.190389,0.543944,0.419675
290,3082.62,2,-0.189832,0.543985,0.419551
291,3087.48,2,-0.189885,0.544158,0.419576
292,3083.52,2,-0.190835,0.543693,0.41969
293,3086.76,2,-0.190493,0.543936,0.419668
294,3088.16,2,-0.190362,0.544412,0.419663
295,3089.31,2,-0.190019,0.544455,0.419714
296,3082.85,2,-0.189976,0.54455,0.419651
